30.1102    1   17   23   24   3   32   18   31   11   2   9   20   13   7   25   27   34   5   22   12   26   21   14   16   28   6   33   29   15   19   10   4   8   30 
29.2035    1   8   14   18   20   9   33   5   30   11   15   24   23   10   12   34   26   7   27   16   25   4   31   32   6   22   3   21   19   28   29   17   2   13 
27.4199    1   17   2   11   15   24   14   23   10   12   34   26   7   16   18   25   28   4   31   27   6   3   8   21   30   29   22   5   20   9   33   32   13   19 
25.1997    1   24   4   5   6   28   11   30   17   2   16   9   20   23   25   27   18   33   34   32   13   31   7   3   22   12   26   21   14   29   15   19   10   8 
24.0426    1   17   23   24   14   10   12   26   7   9   29   8   15   20   32   16   34   22   2   21   30   6   33   18   11   4   27   31   25   5   28   13   3   19 
24.6007    1   8   14   18   20   9   33   6   30   11   17   23   24   2   4   15   21   27   13   22   10   7   26   29   31   5   28   34   16   25   32   3   12   19 
23.6673    1   8   14   18   20   9   33   17   30   11   23   5   13   12   3   26   22   7   34   28   4   24   15   21   10   6   16   27   25   31   32   29   2   19 
22.5802    1   8   17   23   29   30   21   24   34   18   11   33   20   6   9   7   22   26   3   12   13   5   25   27   28   16   10   32   31   15   4   2   14   19 
23.259    1   28   11   17   23   24   30   21   34   18   20   6   9   7   22   26   3   12   13   5   33   25   27   16   10   32   31   29   15   4   2   8   14   19 
22.2495    1   28   11   17   23   24   29   2   16   9   20   6   25   31   22   7   3   12   19   21   8   15   30   4   14   33   34   32   27   5   18   26   13   10 
22.5376    1   8   14   17   23   29   30   21   34   18   25   6   9   33   20   27   28   32   7   5   26   3   12   13   22   10   16   31   11   15   4   24   2   19 
20.3541    1   21   18   25   5   27   32   20   16   11   23   10   13   12   3   26   22   7   34   28   4   24   15   8   14   19   31   9   33   6   30   17   29   2 
20.6722    1   8   14   19   15   23   24   4   12   9   33   18   34   5   31   25   27   7   22   26   3   13   6   32   21   17   29   30   2   11   28   16   20   10 
20.3078    1   8   17   23   29   30   21   2   24   11   28   16   9   6   20   25   5   13   12   3   26   22   7   34   4   31   27   32   18   33   15   19   10   14 
18.409    1   8   14   19   15   17   23   29   30   24   4   7   22   26   3   13   5   28   11   2   21   16   9   34   18   27   31   25   6   20   32   33   12   10 
17.9805    1   17   23   29   30   8   14   19   10   21   34   18   25   4   11   31   28   5   20   9   16   7   3   26   22   12   13   27   6   33   32   2   24   15 
16.9084    1   17   23   29   30   8   14   19   10   21   34   18   25   4   11   31   28   5   20   6   9   33   32   22   13   12   3   26   7   16   27   24   2   15 
17.0456    1   17   23   29   30   8   14   19   10   21   34   18   25   4   11   31   28   5   6   13   12   3   26   22   7   9   33   20   27   16   32   15   24   2 
16.9143    1   17   23   29   30   8   14   19   10   21   2   15   24   18   20   6   9   13   12   3   26   22   7   34   28   4   11   31   16   33   32   25   27   5 
16.8934    1   24   17   23   29   30   8   14   19   10   21   34   18   25   4   11   31   28   5   20   6   9   33   32   22   13   12   3   26   7   16   27   15   2 
16.4193    1   23   17   29   30   8   14   19   10   21   34   18   25   4   11   31   5   28   27   20   6   9   33   16   7   26   3   12   13   22   32   24   2   15 
15.8897    1   23   17   29   30   8   14   19   10   21   34   18   25   31   5   33   20   28   27   7   22   26   3   12   13   9   16   32   6   11   4   2   15   24 
15.8861    1   24   17   23   29   30   8   14   19   21   10   34   18   25   4   11   31   28   5   20   6   9   33   32   22   13   12   26   3   7   16   27   15   2 
15.924    1   8   21   23   17   29   30   14   19   10   34   18   25   4   11   31   28   5   20   6   27   13   12   3   26   22   7   9   33   16   32   24   15   2 
15.57    1   24   17   23   29   30   21   8   14   19   10   34   18   25   4   11   31   28   5   20   6   9   33   32   22   13   12   26   3   7   16   27   15   2 
15.789    1   24   17   23   29   30   8   14   19   10   21   2   4   11   34   18   25   31   28   6   5   27   13   12   3   26   22   7   9   33   20   16   32   15 
15.2952    1   24   17   23   29   30   8   21   14   19   10   34   18   25   4   11   31   28   5   20   6   9   33   32   16   27   7   22   26   3   12   13   15   2 
14.5254    1   24   17   23   29   30   8   21   14   19   10   34   18   6   28   31   11   4   25   5   27   13   12   3   26   22   7   9   33   20   16   32   15   2 
14.3285    1   24   17   23   29   30   8   21   14   19   10   27   18   25   4   11   31   28   5   20   6   34   32   16   33   9   13   12   3   26   22   7   15   2 
14.4622    1   23   17   29   30   24   2   8   21   14   19   10   34   18   25   4   11   31   28   5   20   6   9   33   32   16   27   7   22   26   3   13   12   15 
14.0702    1   24   30   29   23   17   8   21   14   19   10   13   12   3   26   22   7   27   5   6   28   31   11   4   25   18   34   20   16   33   9   32   15   2 
13.8172    1   24   23   17   29   30   8   21   14   19   10   13   12   3   26   22   7   27   5   6   28   31   11   4   25   18   34   20   16   33   32   9   15   2 
12.2051    1   23   17   29   30   8   24   21   14   19   10   13   12   3   26   22   7   34   18   6   32   16   9   33   20   28   27   5   25   31   11   4   2   15 
12.8848    1   24   17   23   29   30   8   21   14   19   10   3   26   13   12   22   7   9   33   20   11   31   28   34   18   6   32   16   27   5   25   4   2   15 
12.69    1   24   30   29   23   17   8   21   14   19   10   13   12   3   26   22   7   33   20   34   18   6   32   16   9   28   27   25   4   11   31   5   15   2 
11.8803    1   24   17   23   29   30   8   21   14   19   10   13   12   3   26   22   7   34   18   25   31   5   27   28   20   33   9   16   32   6   11   4   15   2 
11.892    1   24   23   29   17   30   8   21   14   19   10   13   12   3   26   22   7   27   5   6   34   18   32   16   9   33   20   28   25   31   11   4   2   15 
11.8082    1   24   30   29   23   17   8   21   14   19   10   13   12   3   26   22   7   33   20   34   18   25   31   5   27   28   9   16   32   6   11   4   2   15 
11.4488    1   24   30   29   23   17   8   14   21   19   10   13   12   3   26   22   7   9   33   20   28   27   5   31   25   18   34   16   32   6   11   4   2   15 
10.8155    1   24   23   17   29   30   8   21   14   19   10   13   3   26   12   22   7   9   33   34   20   6   27   5   18   32   16   28   25   31   11   4   2   15 
11.0067    1   24   23   17   29   30   8   21   14   19   10   12   13   7   22   26   3   34   18   25   31   5   27   28   16   33   9   20   32   6   11   4   15   2 
11.0876    1   24   17   23   29   30   8   21   14   19   10   3   26   13   12   22   7   9   33   34   32   16   20   28   27   5   31   25   18   6   11   4   2   15 
10.912    1   24   23   17   29   30   8   21   14   19   10   13   3   26   12   22   7   9   33   34   27   5   18   6   32   16   20   28   25   31   11   4   2   15 
10.6413    1   24   17   29   23   30   8   21   14   19   10   13   12   3   26   22   7   9   33   34   20   6   18   25   31   5   27   28   16   32   11   4   15   2 
10.5645    1   24   23   17   29   30   8   21   14   19   10   13   12   3   26   22   7   9   33   34   20   6   28   27   5   18   32   16   25   31   11   4   2   15 
9.89737    1   24   17   23   29   30   8   21   14   19   10   13   12   3   26   22   7   9   33   34   20   16   32   6   18   5   27   28   25   31   11   4   2   15 
10.0944    1   24   23   17   29   30   8   21   14   19   10   13   22   12   26   3   7   9   33   34   20   32   6   16   28   27   5   31   25   18   11   4   15   2 
10.1648    1   24   17   23   29   30   4   11   6   32   16   20   28   27   5   31   25   18   34   33   9   7   22   26   3   12   13   10   19   14   21   8   2   15 
9.59273    1   24   23   17   29   30   8   21   14   19   10   13   12   3   26   22   7   9   33   34   20   16   32   6   18   27   5   28   25   31   11   4   2   15 
9.59246    1   24   23   17   29   30   8   21   14   19   10   13   12   3   26   22   7   9   33   34   20   16   32   6   18   5   27   28   25   31   11   4   2   15 
9.17512    1   24   23   17   29   30   8   21   14   19   10   12   13   3   26   22   7   9   33   34   20   32   6   16   28   25   18   27   5   31   11   4   2   15 
9.04648    1   24   23   17   29   30   8   21   14   19   10   12   13   3   26   22   7   9   33   34   20   6   16   32   18   5   28   27   25   31   11   4   2   15 
8.79507    1   24   23   17   29   30   8   21   14   19   10   12   13   3   26   22   7   9   33   34   32   20   6   16   18   25   31   5   27   28   11   4   2   15 
8.79506    1   24   23   17   29   30   8   21   14   19   10   12   13   3   26   22   7   9   33   34   20   32   6   16   18   25   31   5   27   28   11   4   2   15 
8.72741    1   24   23   17   29   30   8   21   14   19   10   12   13   3   26   22   7   9   33   34   20   32   16   6   18   5   27   28   25   31   11   4   2   15 
8.55312    1   24   23   17   29   30   8   21   14   19   10   12   13   3   26   22   7   9   33   34   32   20   6   16   18   25   28   27   5   31   11   4   15   2 
8.42467    1   24   23   17   29   30   8   21   14   19   10   12   13   22   26   3   7   9   33   34   32   20   6   16   18   25   5   28   27   31   11   4   2   15 
8.2223    1   24   23   17   29   30   8   21   14   19   10   12   13   22   26   3   7   9   33   34   32   20   6   16   18   25   28   27   5   31   11   4   2   15 
8.42467    1   24   23   17   29   30   8   21   14   19   10   12   13   22   26   3   7   9   33   34   32   20   6   16   18   25   5   28   27   31   11   4   2   15 
8.20087    1   24   23   17   29   30   8   21   14   19   10   12   13   22   26   3   7   9   33   20   32   34   6   16   18   28   25   5   27   31   11   4   2   15 
8.20087    1   24   23   17   29   30   8   21   14   19   10   12   13   22   26   3   7   9   33   20   32   34   6   16   18   28   25   5   27   31   11   4   2   15 
8.20087    1   24   23   17   29   30   8   21   14   19   10   12   13   22   26   3   7   9   33   20   32   34   6   16   18   28   25   5   27   31   11   4   2   15 
7.89255    1   24   23   17   29   30   4   11   31   5   25   27   28   18   16   6   20   32   34   33   9   7   22   26   3   13   12   10   19   14   21   8   2   15 
8.17546    1   24   23   17   29   30   8   21   14   19   10   12   13   22   26   3   7   9   33   20   32   34   6   16   18   28   25   27   5   31   11   4   2   15 
8.17546    1   24   23   17   29   30   8   21   14   19   10   12   13   22   26   3   7   9   33   20   32   34   6   16   18   28   25   27   5   31   11   4   2   15 
8.17546    1   24   23   17   29   30   8   21   14   19   10   12   13   22   26   3   7   9   33   20   32   34   6   16   18   28   25   27   5   31   11   4   2   15 
8.17546    1   24   23   17   29   30   8   21   14   19   10   12   13   22   26   3   7   9   33   20   32   34   6   16   18   28   25   27   5   31   11   4   2   15 
8.17546    1   24   23   17   29   30   8   21   14   19   10   12   13   22   26   3   7   9   33   20   32   34   6   16   18   28   25   27   5   31   11   4   2   15 
8.17546    1   24   23   17   29   30   8   21   14   19   10   12   13   22   26   3   7   9   33   20   32   34   6   16   18   28   25   27   5   31   11   4   2   15 
8.15368    1   24   23   17   29   30   8   21   14   19   10   12   13   22   26   3   7   9   33   32   20   34   6   16   18   28   25   27   5   31   11   4   2   15 
8.15368    1   24   23   17   29   30   8   21   14   19   10   12   13   22   26   3   7   9   33   32   20   34   6   16   18   28   25   27   5   31   11   4   2   15 
8.14004    1   24   23   30   29   17   8   21   14   19   10   12   13   22   26   3   7   9   33   20   32   34   6   16   18   28   25   27   5   31   11   4   2   15 
8.14004    1   24   23   30   29   17   8   21   14   19   10   12   13   22   26   3   7   9   33   20   32   34   6   16   18   28   25   27   5   31   11   4   2   15 
7.94172    1   24   23   17   4   11   31   5   27   25   28   18   16   6   34   32   20   33   9   7   3   26   22   13   12   10   19   14   21   8   30   29   2   15 
8.12258    1   24   23   30   29   17   8   21   14   19   10   12   13   26   22   3   7   9   33   20   32   34   6   16   18   28   25   27   5   31   11   4   2   15 
7.65905    1   24   23   30   29   17   4   11   31   5   27   25   28   18   16   6   34   32   20   33   9   7   3   26   22   13   12   10   19   8   21   14   2   15 
8.11068    1   24   23   30   29   17   8   21   14   19   10   12   13   22   26   3   7   9   33   32   20   34   16   6   18   28   25   27   5   31   11   4   2   15 
7.92426    1   24   23   17   4   11   31   5   27   25   28   18   16   6   34   32   20   33   9   7   3   22   26   13   12   10   19   14   21   8   30   29   2   15 
8.11068    1   24   23   30   29   17   8   21   14   19   10   12   13   22   26   3   7   9   33   32   20   34   16   6   18   28   25   27   5   31   11   4   2   15 
8.10079    1   24   23   30   29   17   8   21   14   19   10   12   13   26   22   3   7   9   33   32   20   34   6   16   18   28   25   27   5   31   11   4   2   15 
7.93762    1   24   23   30   29   2   8   21   14   19   10   12   13   22   26   3   7   9   33   32   20   34   6   16   18   28   25   27   5   31   11   4   17   15 
8.10079    1   24   23   30   29   17   8   21   14   19   10   12   13   26   22   3   7   9   33   32   20   34   6   16   18   28   25   27   5   31   11   4   2   15 
8.10079    1   24   23   30   29   17   8   21   14   19   10   12   13   26   22   3   7   9   33   32   20   34   6   16   18   28   25   27   5   31   11   4   2   15 
7.93005    1   24   23   30   29   2   8   21   14   19   10   12   13   22   26   3   7   9   33   32   20   34   16   6   18   28   25   27   5   31   11   4   17   15 
8.09321    1   24   23   30   29   17   8   21   14   19   10   12   13   26   22   3   7   9   33   32   20   34   16   6   18   28   25   27   5   31   11   4   2   15 
7.93005    1   24   23   30   29   2   8   21   14   19   10   12   13   22   26   3   7   9   33   32   20   34   16   6   18   28   25   27   5   31   11   4   17   15 
8.09321    1   24   23   30   29   17   8   21   14   19   10   12   13   26   22   3   7   9   33   32   20   34   16   6   18   28   25   27   5   31   11   4   2   15 
7.92016    1   24   23   30   29   2   8   21   14   19   10   12   13   26   22   3   7   9   33   32   20   34   6   16   18   28   25   27   5   31   11   4   17   15 
8.04779    1   4   11   31   5   27   25   28   18   6   16   34   20   32   33   9   7   3   22   26   13   12   10   19   14   21   8   17   29   30   23   24   2   15 
8.09321    1   24   23   30   29   17   8   21   14   19   10   12   13   26   22   3   7   9   33   32   20   34   16   6   18   28   25   27   5   31   11   4   2   15 
8.09321    1   24   23   30   29   17   8   21   14   19   10   12   13   26   22   3   7   9   33   32   20   34   16   6   18   28   25   27   5   31   11   4   2   15 
6.82797    1   24   23   30   29   17   4   11   31   5   27   25   28   18   6   16   34   20   32   33   9   7   3   22   26   13   12   10   19   14   21   8   2   15 
8.09321    1   24   23   30   29   17   8   21   14   19   10   12   13   26   22   3   7   9   33   32   20   34   16   6   18   28   25   27   5   31   11   4   2   15 
8.09321    1   24   23   30   29   17   8   21   14   19   10   12   13   26   22   3   7   9   33   32   20   34   16   6   18   28   25   27   5   31   11   4   2   15 
8.09321    1   24   23   30   29   17   8   21   14   19   10   12   13   26   22   3   7   9   33   32   20   34   16   6   18   28   25   27   5   31   11   4   2   15 
8.09321    1   24   23   30   29   17   8   21   14   19   10   12   13   26   22   3   7   9   33   32   20   34   16   6   18   28   25   27   5   31   11   4   2   15 
6.82797    1   24   23   30   29   17   4   11   31   5   27   25   28   18   6   16   34   20   32   33   9   7   3   22   26   13   12   10   19   14   21   8   2   15 
6.82797    1   24   23   30   29   17   4   11   31   5   27   25   28   18   6   16   34   20   32   33   9   7   3   22   26   13   12   10   19   14   21   8   2   15 
7.98082    1   24   23   30   29   17   4   11   31   5   16   6   18   28   25   27   34   20   32   33   9   7   3   22   26   13   12   10   19   14   21   8   2   15 
7.98082    1   24   23   30   29   17   4   11   31   5   16   6   18   28   25   27   34   20   32   33   9   7   3   22   26   13   12   10   19   14   21   8   2   15 
8.04779    1   4   11   31   5   27   25   28   18   6   16   34   20   32   33   9   7   3   22   26   13   12   10   19   14   21   8   17   29   30   23   24   2   15 
8.09321    1   24   23   30   29   17   8   21   14   19   10   12   13   26   22   3   7   9   33   32   20   34   16   6   18   28   25   27   5   31   11   4   2   15 
6.82797    1   24   23   30   29   17   4   11   31   5   27   25   28   18   6   16   34   20   32   33   9   7   3   22   26   13   12   10   19   14   21   8   2   15 
8.09321    1   24   23   30   29   17   8   21   14   19   10   12   13   26   22   3   7   9   33   32   20   34   16   6   18   28   25   27   5   31   11   4   2   15 
8.09321    1   24   23   30   29   17   8   21   14   19   10   12   13   26   22   3   7   9   33   32   20   34   16   6   18   28   25   27   5   31   11   4   2   15 
8.09321    1   24   23   30   29   17   8   21   14   19   10   12   13   26   22   3   7   9   33   32   20   34   16   6   18   28   25   27   5   31   11   4   2   15 
8.06867    1   4   11   31   5   27   25   28   18   6   16   34   20   32   33   9   7   3   22   26   13   12   10   19   14   21   8   29   17   30   23   24   2   15 
8.09321    1   24   23   30   29   17   8   21   14   19   10   12   13   26   22   3   7   9   33   32   20   34   16   6   18   28   25   27   5   31   11   4   2   15 
8.09321    1   24   23   30   29   17   8   21   14   19   10   12   13   26   22   3   7   9   33   32   20   34   16   6   18   28   25   27   5   31   11   4   2   15 
8.09321    1   24   23   30   29   17   8   21   14   19   10   12   13   26   22   3   7   9   33   32   20   34   16   6   18   28   25   27   5   31   11   4   2   15 
8.09321    1   24   23   30   29   17   8   21   14   19   10   12   13   26   22   3   7   9   33   32   20   34   16   6   18   28   25   27   5   31   11   4   2   15 
7.91258    1   24   23   30   29   2   8   21   14   19   10   12   13   26   22   3   7   9   33   32   20   34   16   6   18   28   25   27   5   31   11   4   17   15 
7.91258    1   24   23   30   29   2   8   21   14   19   10   12   13   26   22   3   7   9   33   32   20   34   16   6   18   28   25   27   5   31   11   4   17   15 
8.09321    1   24   23   30   29   17   8   21   14   19   10   12   13   26   22   3   7   9   33   32   20   34   16   6   18   28   25   27   5   31   11   4   2   15 
8.09321    1   24   23   30   29   17   8   21   14   19   10   12   13   26   22   3   7   9   33   32   20   34   16   6   18   28   25   27   5   31   11   4   2   15 
8.09321    1   24   23   30   29   17   8   21   14   19   10   12   13   26   22   3   7   9   33   32   20   34   16   6   18   28   25   27   5   31   11   4   2   15 
8.09321    1   24   23   30   29   17   8   21   14   19   10   12   13   26   22   3   7   9   33   32   20   34   16   6   18   28   25   27   5   31   11   4   2   15 
8.09321    1   24   23   30   29   17   8   21   14   19   10   12   13   26   22   3   7   9   33   32   20   34   16   6   18   28   25   27   5   31   11   4   2   15 
8.09321    1   24   23   30   29   17   8   21   14   19   10   12   13   26   22   3   7   9   33   32   20   34   16   6   18   28   25   27   5   31   11   4   2   15 
8.09321    1   24   23   30   29   17   8   21   14   19   10   12   13   26   22   3   7   9   33   32   20   34   16   6   18   28   25   27   5   31   11   4   2   15 
8.09321    1   24   23   30   29   17   8   21   14   19   10   12   13   26   22   3   7   9   33   32   20   34   16   6   18   28   25   27   5   31   11   4   2   15 
8.09321    1   24   23   30   29   17   8   21   14   19   10   12   13   26   22   3   7   9   33   32   20   34   16   6   18   28   25   27   5   31   11   4   2   15 
7.91258    1   24   23   30   29   2   8   21   14   19   10   12   13   26   22   3   7   9   33   32   20   34   16   6   18   28   25   27   5   31   11   4   17   15 
8.09321    1   24   23   30   29   17   8   21   14   19   10   12   13   26   22   3   7   9   33   32   20   34   16   6   18   28   25   27   5   31   11   4   2   15 
8.09321    1   24   23   30   29   17   8   21   14   19   10   12   13   26   22   3   7   9   33   32   20   34   16   6   18   28   25   27   5   31   11   4   2   15 
6.82797    1   24   23   30   29   17   4   11   31   5   27   25   28   18   6   16   34   20   32   33   9   7   3   22   26   13   12   10   19   14   21   8   2   15 
6.82797    1   24   23   30   29   17   4   11   31   5   27   25   28   18   6   16   34   20   32   33   9   7   3   22   26   13   12   10   19   14   21   8   2   15 
6.82797    1   24   23   30   29   17   4   11   31   5   27   25   28   18   6   16   34   20   32   33   9   7   3   22   26   13   12   10   19   14   21   8   2   15 
6.82797    1   24   23   30   29   17   4   11   31   5   27   25   28   18   6   16   34   20   32   33   9   7   3   22   26   13   12   10   19   14   21   8   2   15 
6.82797    1   24   23   30   29   17   4   11   31   5   27   25   28   18   6   16   34   20   32   33   9   7   3   22   26   13   12   10   19   14   21   8   2   15 
6.82797    1   24   23   30   29   17   4   11   31   5   27   25   28   18   6   16   34   20   32   33   9   7   3   22   26   13   12   10   19   14   21   8   2   15 
8.04779    1   4   11   31   5   27   25   28   18   6   16   34   20   32   33   9   7   3   22   26   13   12   10   19   14   21   8   17   29   30   23   24   2   15 
8.04779    1   4   11   31   5   27   25   28   18   6   16   34   20   32   33   9   7   3   22   26   13   12   10   19   14   21   8   17   29   30   23   24   2   15 
8.04779    1   4   11   31   5   27   25   28   18   6   16   34   20   32   33   9   7   3   22   26   13   12   10   19   14   21   8   17   29   30   23   24   2   15 
6.82797    1   24   23   30   29   17   4   11   31   5   27   25   28   18   6   16   34   20   32   33   9   7   3   22   26   13   12   10   19   14   21   8   2   15 
6.82797    1   24   23   30   29   17   4   11   31   5   27   25   28   18   6   16   34   20   32   33   9   7   3   22   26   13   12   10   19   14   21   8   2   15 
6.82797    1   24   23   30   29   17   4   11   31   5   27   25   28   18   6   16   34   20   32   33   9   7   3   22   26   13   12   10   19   14   21   8   2   15 
7.84477    1   24   23   30   29   17   4   11   31   5   27   25   28   18   6   16   34   20   32   33   9   7   3   22   26   13   12   10   19   14   21   2   8   15 
8.04779    1   4   11   31   5   27   25   28   18   6   16   34   20   32   33   9   7   3   22   26   13   12   10   19   14   21   8   17   29   30   23   24   2   15 
6.82797    1   24   23   30   29   17   4   11   31   5   27   25   28   18   6   16   34   20   32   33   9   7   3   22   26   13   12   10   19   14   21   8   2   15 
7.08857    1   24   23   30   29   17   4   11   31   5   27   25   28   18   6   16   34   20   32   33   9   7   3   22   26   13   12   10   19   14   8   21   2   15 
6.55249    1   8   21   14   19   10   12   13   26   22   3   7   9   33   32   20   34   16   6   18   28   25   27   5   31   11   4   17   23   29   30   24   2   15 
6.82797    1   24   23   30   29   17   4   11   31   5   27   25   28   18   6   16   34   20   32   33   9   7   3   22   26   13   12   10   19   14   21   8   2   15 
6.82797    1   24   23   30   29   17   4   11   31   5   27   25   28   18   6   16   34   20   32   33   9   7   3   22   26   13   12   10   19   14   21   8   2   15 
6.82797    1   24   23   30   29   17   4   11   31   5   27   25   28   18   6   16   34   20   32   33   9   7   3   22   26   13   12   10   19   14   21   8   2   15 
6.82797    1   24   23   30   29   17   4   11   31   5   27   25   28   18   6   16   34   20   32   33   9   7   3   22   26   13   12   10   19   14   21   8   2   15 
6.82797    1   24   23   30   29   17   4   11   31   5   27   25   28   18   6   16   34   20   32   33   9   7   3   22   26   13   12   10   19   14   21   8   2   15 
6.8107    1   2   24   23   30   29   17   4   11   31   5   27   25   28   18   6   16   34   20   32   33   9   7   3   22   26   13   12   10   19   14   21   8   15 
6.82797    1   24   23   30   29   17   4   11   31   5   27   25   28   18   6   16   34   20   32   33   9   7   3   22   26   13   12   10   19   14   21   8   2   15 
6.8107    1   2   24   23   30   29   17   4   11   31   5   27   25   28   18   6   16   34   20   32   33   9   7   3   22   26   13   12   10   19   14   21   8   15 
6.8107    1   2   24   23   30   29   17   4   11   31   5   27   25   28   18   6   16   34   20   32   33   9   7   3   22   26   13   12   10   19   14   21   8   15 
6.8107    1   2   24   23   30   29   17   4   11   31   5   27   25   28   18   6   16   34   20   32   33   9   7   3   22   26   13   12   10   19   14   21   8   15 
6.82797    1   24   23   30   29   17   4   11   31   5   27   25   28   18   6   16   34   20   32   33   9   7   3   22   26   13   12   10   19   14   21   8   2   15 
6.82797    1   24   23   30   29   17   4   11   31   5   27   25   28   18   6   16   34   20   32   33   9   7   3   22   26   13   12   10   19   14   21   8   2   15 
6.82797    1   24   23   30   29   17   4   11   31   5   27   25   28   18   6   16   34   20   32   33   9   7   3   22   26   13   12   10   19   14   21   8   2   15 
6.82797    1   24   23   30   29   17   4   11   31   5   27   25   28   18   6   16   34   20   32   33   9   7   3   22   26   13   12   10   19   14   21   8   2   15 
6.82797    1   24   23   30   29   17   4   11   31   5   27   25   28   18   6   16   34   20   32   33   9   7   3   22   26   13   12   10   19   14   21   8   2   15 
6.82797    1   24   23   30   29   17   4   11   31   5   27   25   28   18   6   16   34   20   32   33   9   7   3   22   26   13   12   10   19   14   21   8   2   15 
6.82797    1   24   23   30   29   17   4   11   31   5   27   25   28   18   6   16   34   20   32   33   9   7   3   22   26   13   12   10   19   14   21   8   2   15 
6.82797    1   24   23   30   29   17   4   11   31   5   27   25   28   18   6   16   34   20   32   33   9   7   3   22   26   13   12   10   19   14   21   8   2   15 
6.8107    1   2   24   23   30   29   17   4   11   31   5   27   25   28   18   6   16   34   20   32   33   9   7   3   22   26   13   12   10   19   14   21   8   15 
6.8107    1   2   24   23   30   29   17   4   11   31   5   27   25   28   18   6   16   34   20   32   33   9   7   3   22   26   13   12   10   19   14   21   8   15 
6.8107    1   2   24   23   30   29   17   4   11   31   5   27   25   28   18   6   16   34   20   32   33   9   7   3   22   26   13   12   10   19   14   21   8   15 
6.8107    1   2   24   23   30   29   17   4   11   31   5   27   25   28   18   6   16   34   20   32   33   9   7   3   22   26   13   12   10   19   14   21   8   15 
6.8107    1   2   24   23   30   29   17   4   11   31   5   27   25   28   18   6   16   34   20   32   33   9   7   3   22   26   13   12   10   19   14   21   8   15 
6.8107    1   2   24   23   30   29   17   4   11   31   5   27   25   28   18   6   16   34   20   32   33   9   7   3   22   26   13   12   10   19   14   21   8   15 
6.8107    1   2   24   23   30   29   17   4   11   31   5   27   25   28   18   6   16   34   20   32   33   9   7   3   22   26   13   12   10   19   14   21   8   15 
6.8107    1   2   24   23   30   29   17   4   11   31   5   27   25   28   18   6   16   34   20   32   33   9   7   3   22   26   13   12   10   19   14   21   8   15 
6.8107    1   2   24   23   30   29   17   4   11   31   5   27   25   28   18   6   16   34   20   32   33   9   7   3   22   26   13   12   10   19   14   21   8   15 
6.8107    1   2   24   23   30   29   17   4   11   31   5   27   25   28   18   6   16   34   20   32   33   9   7   3   22   26   13   12   10   19   14   21   8   15 
6.8107    1   2   24   23   30   29   17   4   11   31   5   27   25   28   18   6   16   34   20   32   33   9   7   3   22   26   13   12   10   19   14   21   8   15 
6.8107    1   2   24   23   30   29   17   4   11   31   5   27   25   28   18   6   16   34   20   32   33   9   7   3   22   26   13   12   10   19   14   21   8   15 
6.8107    1   2   24   23   30   29   17   4   11   31   5   27   25   28   18   6   16   34   20   32   33   9   7   3   22   26   13   12   10   19   14   21   8   15 
6.8107    1   2   24   23   30   29   17   4   11   31   5   27   25   28   18   6   16   34   20   32   33   9   7   3   22   26   13   12   10   19   14   21   8   15 
6.8107    1   2   24   23   30   29   17   4   11   31   5   27   25   28   18   6   16   34   20   32   33   9   7   3   22   26   13   12   10   19   14   21   8   15 
6.8107    1   2   24   23   30   29   17   4   11   31   5   27   25   28   18   6   16   34   20   32   33   9   7   3   22   26   13   12   10   19   14   21   8   15 
6.8107    1   2   24   23   30   29   17   4   11   31   5   27   25   28   18   6   16   34   20   32   33   9   7   3   22   26   13   12   10   19   14   21   8   15 
6.8107    1   2   24   23   30   29   17   4   11   31   5   27   25   28   18   6   16   34   20   32   33   9   7   3   22   26   13   12   10   19   14   21   8   15 
6.24306    1   8   21   14   19   10   12   13   26   22   3   7   9   33   32   20   34   16   6   18   28   25   27   5   31   11   4   17   29   30   23   24   2   15 
6.24306    1   8   21   14   19   10   12   13   26   22   3   7   9   33   32   20   34   16   6   18   28   25   27   5   31   11   4   17   29   30   23   24   2   15 
6.8107    1   2   24   23   30   29   17   4   11   31   5   27   25   28   18   6   16   34   20   32   33   9   7   3   22   26   13   12   10   19   14   21   8   15 
6.8107    1   2   24   23   30   29   17   4   11   31   5   27   25   28   18   6   16   34   20   32   33   9   7   3   22   26   13   12   10   19   14   21   8   15 
6.8107    1   2   24   23   30   29   17   4   11   31   5   27   25   28   18   6   16   34   20   32   33   9   7   3   22   26   13   12   10   19   14   21   8   15 
6.8107    1   2   24   23   30   29   17   4   11   31   5   27   25   28   18   6   16   34   20   32   33   9   7   3   22   26   13   12   10   19   14   21   8   15 
6.24306    1   8   21   14   19   10   12   13   26   22   3   7   9   33   32   20   34   16   6   18   28   25   27   5   31   11   4   17   29   30   23   24   2   15 
6.8107    1   2   24   23   30   29   17   4   11   31   5   27   25   28   18   6   16   34   20   32   33   9   7   3   22   26   13   12   10   19   14   21   8   15 
6.8107    1   2   24   23   30   29   17   4   11   31   5   27   25   28   18   6   16   34   20   32   33   9   7   3   22   26   13   12   10   19   14   21   8   15 
6.8107    1   2   24   23   30   29   17   4   11   31   5   27   25   28   18   6   16   34   20   32   33   9   7   3   22   26   13   12   10   19   14   21   8   15 
6.24306    1   8   21   14   19   10   12   13   26   22   3   7   9   33   32   20   34   16   6   18   28   25   27   5   31   11   4   17   29   30   23   24   2   15 
6.8107    1   2   24   23   30   29   17   4   11   31   5   27   25   28   18   6   16   34   20   32   33   9   7   3   22   26   13   12   10   19   14   21   8   15 
6.8107    1   2   24   23   30   29   17   4   11   31   5   27   25   28   18   6   16   34   20   32   33   9   7   3   22   26   13   12   10   19   14   21   8   15 
6.8107    1   2   24   23   30   29   17   4   11   31   5   27   25   28   18   6   16   34   20   32   33   9   7   3   22   26   13   12   10   19   14   21   8   15 
6.8107    1   2   24   23   30   29   17   4   11   31   5   27   25   28   18   6   16   34   20   32   33   9   7   3   22   26   13   12   10   19   14   21   8   15 
6.8107    1   2   24   23   30   29   17   4   11   31   5   27   25   28   18   6   16   34   20   32   33   9   7   3   22   26   13   12   10   19   14   21   8   15 
6.8107    1   2   24   23   30   29   17   4   11   31   5   27   25   28   18   6   16   34   20   32   33   9   7   3   22   26   13   12   10   19   14   21   8   15 
6.24306    1   8   21   14   19   10   12   13   26   22   3   7   9   33   32   20   34   16   6   18   28   25   27   5   31   11   4   17   29   30   23   24   2   15 
6.24306    1   8   21   14   19   10   12   13   26   22   3   7   9   33   32   20   34   16   6   18   28   25   27   5   31   11   4   17   29   30   23   24   2   15 
6.8107    1   2   24   23   30   29   17   4   11   31   5   27   25   28   18   6   16   34   20   32   33   9   7   3   22   26   13   12   10   19   14   21   8   15 
6.8107    1   2   24   23   30   29   17   4   11   31   5   27   25   28   18   6   16   34   20   32   33   9   7   3   22   26   13   12   10   19   14   21   8   15 
6.8107    1   2   24   23   30   29   17   4   11   31   5   27   25   28   18   6   16   34   20   32   33   9   7   3   22   26   13   12   10   19   14   21   8   15 
6.8107    1   2   24   23   30   29   17   4   11   31   5   27   25   28   18   6   16   34   20   32   33   9   7   3   22   26   13   12   10   19   14   21   8   15 
6.8107    1   2   24   23   30   29   17   4   11   31   5   27   25   28   18   6   16   34   20   32   33   9   7   3   22   26   13   12   10   19   14   21   8   15 
6.8107    1   2   24   23   30   29   17   4   11   31   5   27   25   28   18   6   16   34   20   32   33   9   7   3   22   26   13   12   10   19   14   21   8   15 
6.8107    1   2   24   23   30   29   17   4   11   31   5   27   25   28   18   6   16   34   20   32   33   9   7   3   22   26   13   12   10   19   14   21   8   15 
6.24306    1   8   21   14   19   10   12   13   26   22   3   7   9   33   32   20   34   16   6   18   28   25   27   5   31   11   4   17   29   30   23   24   2   15 
6.8107    1   2   24   23   30   29   17   4   11   31   5   27   25   28   18   6   16   34   20   32   33   9   7   3   22   26   13   12   10   19   14   21   8   15 
6.8107    1   2   24   23   30   29   17   4   11   31   5   27   25   28   18   6   16   34   20   32   33   9   7   3   22   26   13   12   10   19   14   21   8   15 
6.8107    1   2   24   23   30   29   17   4   11   31   5   27   25   28   18   6   16   34   20   32   33   9   7   3   22   26   13   12   10   19   14   21   8   15 
6.8107    1   2   24   23   30   29   17   4   11   31   5   27   25   28   18   6   16   34   20   32   33   9   7   3   22   26   13   12   10   19   14   21   8   15 
6.8107    1   2   24   23   30   29   17   4   11   31   5   27   25   28   18   6   16   34   20   32   33   9   7   3   22   26   13   12   10   19   14   21   8   15 
6.8107    1   2   24   23   30   29   17   4   11   31   5   27   25   28   18   6   16   34   20   32   33   9   7   3   22   26   13   12   10   19   14   21   8   15 
6.8107    1   2   24   23   30   29   17   4   11   31   5   27   25   28   18   6   16   34   20   32   33   9   7   3   22   26   13   12   10   19   14   21   8   15 
6.8107    1   2   24   23   30   29   17   4   11   31   5   27   25   28   18   6   16   34   20   32   33   9   7   3   22   26   13   12   10   19   14   21   8   15 
6.24306    1   8   21   14   19   10   12   13   26   22   3   7   9   33   32   20   34   16   6   18   28   25   27   5   31   11   4   17   29   30   23   24   2   15 
6.8107    1   2   24   23   30   29   17   4   11   31   5   27   25   28   18   6   16   34   20   32   33   9   7   3   22   26   13   12   10   19   14   21   8   15 
6.8107    1   2   24   23   30   29   17   4   11   31   5   27   25   28   18   6   16   34   20   32   33   9   7   3   22   26   13   12   10   19   14   21   8   15 
6.8107    1   2   24   23   30   29   17   4   11   31   5   27   25   28   18   6   16   34   20   32   33   9   7   3   22   26   13   12   10   19   14   21   8   15 
6.8107    1   2   24   23   30   29   17   4   11   31   5   27   25   28   18   6   16   34   20   32   33   9   7   3   22   26   13   12   10   19   14   21   8   15 
6.8107    1   2   24   23   30   29   17   4   11   31   5   27   25   28   18   6   16   34   20   32   33   9   7   3   22   26   13   12   10   19   14   21   8   15 
6.8107    1   2   24   23   30   29   17   4   11   31   5   27   25   28   18   6   16   34   20   32   33   9   7   3   22   26   13   12   10   19   14   21   8   15 
6.8107    1   2   24   23   30   29   17   4   11   31   5   27   25   28   18   6   16   34   20   32   33   9   7   3   22   26   13   12   10   19   14   21   8   15 
6.8107    1   2   24   23   30   29   17   4   11   31   5   27   25   28   18   6   16   34   20   32   33   9   7   3   22   26   13   12   10   19   14   21   8   15 
6.8107    1   2   24   23   30   29   17   4   11   31   5   27   25   28   18   6   16   34   20   32   33   9   7   3   22   26   13   12   10   19   14   21   8   15 
6.24306    1   8   21   14   19   10   12   13   26   22   3   7   9   33   32   20   34   16   6   18   28   25   27   5   31   11   4   17   29   30   23   24   2   15 
6.24306    1   8   21   14   19   10   12   13   26   22   3   7   9   33   32   20   34   16   6   18   28   25   27   5   31   11   4   17   29   30   23   24   2   15 
6.8107    1   2   24   23   30   29   17   4   11   31   5   27   25   28   18   6   16   34   20   32   33   9   7   3   22   26   13   12   10   19   14   21   8   15 
6.24306    1   8   21   14   19   10   12   13   26   22   3   7   9   33   32   20   34   16   6   18   28   25   27   5   31   11   4   17   29   30   23   24   2   15 
6.8107    1   2   24   23   30   29   17   4   11   31   5   27   25   28   18   6   16   34   20   32   33   9   7   3   22   26   13   12   10   19   14   21   8   15 
6.8107    1   2   24   23   30   29   17   4   11   31   5   27   25   28   18   6   16   34   20   32   33   9   7   3   22   26   13   12   10   19   14   21   8   15 
6.8107    1   2   24   23   30   29   17   4   11   31   5   27   25   28   18   6   16   34   20   32   33   9   7   3   22   26   13   12   10   19   14   21   8   15 
6.8107    1   2   24   23   30   29   17   4   11   31   5   27   25   28   18   6   16   34   20   32   33   9   7   3   22   26   13   12   10   19   14   21   8   15 
6.8107    1   2   24   23   30   29   17   4   11   31   5   27   25   28   18   6   16   34   20   32   33   9   7   3   22   26   13   12   10   19   14   21   8   15 
6.8107    1   2   24   23   30   29   17   4   11   31   5   27   25   28   18   6   16   34   20   32   33   9   7   3   22   26   13   12   10   19   14   21   8   15 
6.8107    1   2   24   23   30   29   17   4   11   31   5   27   25   28   18   6   16   34   20   32   33   9   7   3   22   26   13   12   10   19   14   21   8   15 
6.8107    1   2   24   23   30   29   17   4   11   31   5   27   25   28   18   6   16   34   20   32   33   9   7   3   22   26   13   12   10   19   14   21   8   15 
6.8107    1   2   24   23   30   29   17   4   11   31   5   27   25   28   18   6   16   34   20   32   33   9   7   3   22   26   13   12   10   19   14   21   8   15 
6.8107    1   2   24   23   30   29   17   4   11   31   5   27   25   28   18   6   16   34   20   32   33   9   7   3   22   26   13   12   10   19   14   21   8   15 
6.24306    1   8   21   14   19   10   12   13   26   22   3   7   9   33   32   20   34   16   6   18   28   25   27   5   31   11   4   17   29   30   23   24   2   15 
6.8107    1   2   24   23   30   29   17   4   11   31   5   27   25   28   18   6   16   34   20   32   33   9   7   3   22   26   13   12   10   19   14   21   8   15 
6.8107    1   2   24   23   30   29   17   4   11   31   5   27   25   28   18   6   16   34   20   32   33   9   7   3   22   26   13   12   10   19   14   21   8   15 
6.8107    1   2   24   23   30   29   17   4   11   31   5   27   25   28   18   6   16   34   20   32   33   9   7   3   22   26   13   12   10   19   14   21   8   15 
6.8107    1   2   24   23   30   29   17   4   11   31   5   27   25   28   18   6   16   34   20   32   33   9   7   3   22   26   13   12   10   19   14   21   8   15 
6.8107    1   2   24   23   30   29   17   4   11   31   5   27   25   28   18   6   16   34   20   32   33   9   7   3   22   26   13   12   10   19   14   21   8   15 
6.8107    1   2   24   23   30   29   17   4   11   31   5   27   25   28   18   6   16   34   20   32   33   9   7   3   22   26   13   12   10   19   14   21   8   15 
6.8107    1   2   24   23   30   29   17   4   11   31   5   27   25   28   18   6   16   34   20   32   33   9   7   3   22   26   13   12   10   19   14   21   8   15 
6.8107    1   2   24   23   30   29   17   4   11   31   5   27   25   28   18   6   16   34   20   32   33   9   7   3   22   26   13   12   10   19   14   21   8   15 
6.24306    1   15   2   24   23   30   29   17   4   11   31   5   27   25   28   18   6   16   34   20   32   33   9   7   3   22   26   13   12   10   19   14   21   8 
6.24306    1   8   21   14   19   10   12   13   26   22   3   7   9   33   32   20   34   16   6   18   28   25   27   5   31   11   4   17   29   30   23   24   2   15 
6.8107    1   2   24   23   30   29   17   4   11   31   5   27   25   28   18   6   16   34   20   32   33   9   7   3   22   26   13   12   10   19   14   21   8   15 
6.8107    1   2   24   23   30   29   17   4   11   31   5   27   25   28   18   6   16   34   20   32   33   9   7   3   22   26   13   12   10   19   14   21   8   15 
6.8107    1   2   24   23   30   29   17   4   11   31   5   27   25   28   18   6   16   34   20   32   33   9   7   3   22   26   13   12   10   19   14   21   8   15 
6.8107    1   2   24   23   30   29   17   4   11   31   5   27   25   28   18   6   16   34   20   32   33   9   7   3   22   26   13   12   10   19   14   21   8   15 
6.8107    1   2   24   23   30   29   17   4   11   31   5   27   25   28   18   6   16   34   20   32   33   9   7   3   22   26   13   12   10   19   14   21   8   15 
6.8107    1   2   24   23   30   29   17   4   11   31   5   27   25   28   18   6   16   34   20   32   33   9   7   3   22   26   13   12   10   19   14   21   8   15 
6.26294    1   2   15   24   23   30   29   17   4   11   31   5   27   25   28   18   6   16   34   20   32   33   9   7   3   22   26   13   12   10   19   14   21   8 
6.24306    1   15   2   24   23   30   29   17   4   11   31   5   27   25   28   18   6   16   34   20   32   33   9   7   3   22   26   13   12   10   19   14   21   8 
6.24306    1   15   2   24   23   30   29   17   4   11   31   5   27   25   28   18   6   16   34   20   32   33   9   7   3   22   26   13   12   10   19   14   21   8 
6.24306    1   15   2   24   23   30   29   17   4   11   31   5   27   25   28   18   6   16   34   20   32   33   9   7   3   22   26   13   12   10   19   14   21   8 
6.24306    1   15   2   24   23   30   29   17   4   11   31   5   27   25   28   18   6   16   34   20   32   33   9   7   3   22   26   13   12   10   19   14   21   8 
6.24306    1   15   2   24   23   30   29   17   4   11   31   5   27   25   28   18   6   16   34   20   32   33   9   7   3   22   26   13   12   10   19   14   21   8 
6.24306    1   15   2   24   23   30   29   17   4   11   31   5   27   25   28   18   6   16   34   20   32   33   9   7   3   22   26   13   12   10   19   14   21   8 
6.24306    1   15   2   24   23   30   29   17   4   11   31   5   27   25   28   18   6   16   34   20   32   33   9   7   3   22   26   13   12   10   19   14   21   8 
6.24306    1   15   2   24   23   30   29   17   4   11   31   5   27   25   28   18   6   16   34   20   32   33   9   7   3   22   26   13   12   10   19   14   21   8 
6.24306    1   15   2   24   23   30   29   17   4   11   31   5   27   25   28   18   6   16   34   20   32   33   9   7   3   22   26   13   12   10   19   14   21   8 
6.24306    1   15   2   24   23   30   29   17   4   11   31   5   27   25   28   18   6   16   34   20   32   33   9   7   3   22   26   13   12   10   19   14   21   8 
6.24306    1   15   2   24   23   30   29   17   4   11   31   5   27   25   28   18   6   16   34   20   32   33   9   7   3   22   26   13   12   10   19   14   21   8 
6.24306    1   15   2   24   23   30   29   17   4   11   31   5   27   25   28   18   6   16   34   20   32   33   9   7   3   22   26   13   12   10   19   14   21   8 
6.24306    1   15   2   24   23   30   29   17   4   11   31   5   27   25   28   18   6   16   34   20   32   33   9   7   3   22   26   13   12   10   19   14   21   8 
6.24306    1   15   2   24   23   30   29   17   4   11   31   5   27   25   28   18   6   16   34   20   32   33   9   7   3   22   26   13   12   10   19   14   21   8 
6.24306    1   15   2   24   23   30   29   17   4   11   31   5   27   25   28   18   6   16   34   20   32   33   9   7   3   22   26   13   12   10   19   14   21   8 
6.24306    1   15   2   24   23   30   29   17   4   11   31   5   27   25   28   18   6   16   34   20   32   33   9   7   3   22   26   13   12   10   19   14   21   8 
6.24306    1   15   2   24   23   30   29   17   4   11   31   5   27   25   28   18   6   16   34   20   32   33   9   7   3   22   26   13   12   10   19   14   21   8 
6.24306    1   15   2   24   23   30   29   17   4   11   31   5   27   25   28   18   6   16   34   20   32   33   9   7   3   22   26   13   12   10   19   14   21   8 
6.24306    1   15   2   24   23   30   29   17   4   11   31   5   27   25   28   18   6   16   34   20   32   33   9   7   3   22   26   13   12   10   19   14   21   8 
6.24306    1   15   2   24   23   30   29   17   4   11   31   5   27   25   28   18   6   16   34   20   32   33   9   7   3   22   26   13   12   10   19   14   21   8 
6.24306    1   15   2   24   23   30   29   17   4   11   31   5   27   25   28   18   6   16   34   20   32   33   9   7   3   22   26   13   12   10   19   14   21   8 
6.24306    1   15   2   24   23   30   29   17   4   11   31   5   27   25   28   18   6   16   34   20   32   33   9   7   3   22   26   13   12   10   19   14   21   8 
6.24306    1   15   2   24   23   30   29   17   4   11   31   5   27   25   28   18   6   16   34   20   32   33   9   7   3   22   26   13   12   10   19   14   21   8 
6.24306    1   15   2   24   23   30   29   17   4   11   31   5   27   25   28   18   6   16   34   20   32   33   9   7   3   22   26   13   12   10   19   14   21   8 
6.24306    1   15   2   24   23   30   29   17   4   11   31   5   27   25   28   18   6   16   34   20   32   33   9   7   3   22   26   13   12   10   19   14   21   8 
6.24306    1   15   2   24   23   30   29   17   4   11   31   5   27   25   28   18   6   16   34   20   32   33   9   7   3   22   26   13   12   10   19   14   21   8 
6.24306    1   15   2   24   23   30   29   17   4   11   31   5   27   25   28   18   6   16   34   20   32   33   9   7   3   22   26   13   12   10   19   14   21   8 
6.24306    1   15   2   24   23   30   29   17   4   11   31   5   27   25   28   18   6   16   34   20   32   33   9   7   3   22   26   13   12   10   19   14   21   8 
6.24306    1   15   2   24   23   30   29   17   4   11   31   5   27   25   28   18   6   16   34   20   32   33   9   7   3   22   26   13   12   10   19   14   21   8 
6.24306    1   15   2   24   23   30   29   17   4   11   31   5   27   25   28   18   6   16   34   20   32   33   9   7   3   22   26   13   12   10   19   14   21   8 
6.24306    1   15   2   24   23   30   29   17   4   11   31   5   27   25   28   18   6   16   34   20   32   33   9   7   3   22   26   13   12   10   19   14   21   8 
6.24306    1   15   2   24   23   30   29   17   4   11   31   5   27   25   28   18   6   16   34   20   32   33   9   7   3   22   26   13   12   10   19   14   21   8 
6.24306    1   15   2   24   23   30   29   17   4   11   31   5   27   25   28   18   6   16   34   20   32   33   9   7   3   22   26   13   12   10   19   14   21   8 
6.24306    1   15   2   24   23   30   29   17   4   11   31   5   27   25   28   18   6   16   34   20   32   33   9   7   3   22   26   13   12   10   19   14   21   8 
6.24306    1   15   2   24   23   30   29   17   4   11   31   5   27   25   28   18   6   16   34   20   32   33   9   7   3   22   26   13   12   10   19   14   21   8 
6.24306    1   15   2   24   23   30   29   17   4   11   31   5   27   25   28   18   6   16   34   20   32   33   9   7   3   22   26   13   12   10   19   14   21   8 
6.24306    1   15   2   24   23   30   29   17   4   11   31   5   27   25   28   18   6   16   34   20   32   33   9   7   3   22   26   13   12   10   19   14   21   8 
6.24306    1   15   2   24   23   30   29   17   4   11   31   5   27   25   28   18   6   16   34   20   32   33   9   7   3   22   26   13   12   10   19   14   21   8 
6.24306    1   15   2   24   23   30   29   17   4   11   31   5   27   25   28   18   6   16   34   20   32   33   9   7   3   22   26   13   12   10   19   14   21   8 
6.24306    1   15   2   24   23   30   29   17   4   11   31   5   27   25   28   18   6   16   34   20   32   33   9   7   3   22   26   13   12   10   19   14   21   8 
6.24306    1   15   2   24   23   30   29   17   4   11   31   5   27   25   28   18   6   16   34   20   32   33   9   7   3   22   26   13   12   10   19   14   21   8 
6.24306    1   15   2   24   23   30   29   17   4   11   31   5   27   25   28   18   6   16   34   20   32   33   9   7   3   22   26   13   12   10   19   14   21   8 
6.24306    1   15   2   24   23   30   29   17   4   11   31   5   27   25   28   18   6   16   34   20   32   33   9   7   3   22   26   13   12   10   19   14   21   8 
6.24306    1   15   2   24   23   30   29   17   4   11   31   5   27   25   28   18   6   16   34   20   32   33   9   7   3   22   26   13   12   10   19   14   21   8 
6.24306    1   15   2   24   23   30   29   17   4   11   31   5   27   25   28   18   6   16   34   20   32   33   9   7   3   22   26   13   12   10   19   14   21   8 
6.24306    1   15   2   24   23   30   29   17   4   11   31   5   27   25   28   18   6   16   34   20   32   33   9   7   3   22   26   13   12   10   19   14   21   8 
6.24306    1   15   2   24   23   30   29   17   4   11   31   5   27   25   28   18   6   16   34   20   32   33   9   7   3   22   26   13   12   10   19   14   21   8 
6.24306    1   15   2   24   23   30   29   17   4   11   31   5   27   25   28   18   6   16   34   20   32   33   9   7   3   22   26   13   12   10   19   14   21   8 
6.24306    1   15   2   24   23   30   29   17   4   11   31   5   27   25   28   18   6   16   34   20   32   33   9   7   3   22   26   13   12   10   19   14   21   8 
6.24306    1   15   2   24   23   30   29   17   4   11   31   5   27   25   28   18   6   16   34   20   32   33   9   7   3   22   26   13   12   10   19   14   21   8 
6.24306    1   15   2   24   23   30   29   17   4   11   31   5   27   25   28   18   6   16   34   20   32   33   9   7   3   22   26   13   12   10   19   14   21   8 
6.24306    1   15   2   24   23   30   29   17   4   11   31   5   27   25   28   18   6   16   34   20   32   33   9   7   3   22   26   13   12   10   19   14   21   8 
6.24306    1   15   2   24   23   30   29   17   4   11   31   5   27   25   28   18   6   16   34   20   32   33   9   7   3   22   26   13   12   10   19   14   21   8 
6.24306    1   15   2   24   23   30   29   17   4   11   31   5   27   25   28   18   6   16   34   20   32   33   9   7   3   22   26   13   12   10   19   14   21   8 
6.24306    1   15   2   24   23   30   29   17   4   11   31   5   27   25   28   18   6   16   34   20   32   33   9   7   3   22   26   13   12   10   19   14   21   8 
6.24306    1   15   2   24   23   30   29   17   4   11   31   5   27   25   28   18   6   16   34   20   32   33   9   7   3   22   26   13   12   10   19   14   21   8 
6.24306    1   15   2   24   23   30   29   17   4   11   31   5   27   25   28   18   6   16   34   20   32   33   9   7   3   22   26   13   12   10   19   14   21   8 
6.24306    1   15   2   24   23   30   29   17   4   11   31   5   27   25   28   18   6   16   34   20   32   33   9   7   3   22   26   13   12   10   19   14   21   8 
6.24306    1   15   2   24   23   30   29   17   4   11   31   5   27   25   28   18   6   16   34   20   32   33   9   7   3   22   26   13   12   10   19   14   21   8 
6.24306    1   15   2   24   23   30   29   17   4   11   31   5   27   25   28   18   6   16   34   20   32   33   9   7   3   22   26   13   12   10   19   14   21   8 
6.24306    1   15   2   24   23   30   29   17   4   11   31   5   27   25   28   18   6   16   34   20   32   33   9   7   3   22   26   13   12   10   19   14   21   8 
6.24306    1   15   2   24   23   30   29   17   4   11   31   5   27   25   28   18   6   16   34   20   32   33   9   7   3   22   26   13   12   10   19   14   21   8 
6.24306    1   15   2   24   23   30   29   17   4   11   31   5   27   25   28   18   6   16   34   20   32   33   9   7   3   22   26   13   12   10   19   14   21   8 
6.24306    1   15   2   24   23   30   29   17   4   11   31   5   27   25   28   18   6   16   34   20   32   33   9   7   3   22   26   13   12   10   19   14   21   8 
6.24306    1   15   2   24   23   30   29   17   4   11   31   5   27   25   28   18   6   16   34   20   32   33   9   7   3   22   26   13   12   10   19   14   21   8 
6.24306    1   15   2   24   23   30   29   17   4   11   31   5   27   25   28   18   6   16   34   20   32   33   9   7   3   22   26   13   12   10   19   14   21   8 
6.24306    1   15   2   24   23   30   29   17   4   11   31   5   27   25   28   18   6   16   34   20   32   33   9   7   3   22   26   13   12   10   19   14   21   8 
6.24306    1   15   2   24   23   30   29   17   4   11   31   5   27   25   28   18   6   16   34   20   32   33   9   7   3   22   26   13   12   10   19   14   21   8 
6.24306    1   15   2   24   23   30   29   17   4   11   31   5   27   25   28   18   6   16   34   20   32   33   9   7   3   22   26   13   12   10   19   14   21   8 
6.24306    1   15   2   24   23   30   29   17   4   11   31   5   27   25   28   18   6   16   34   20   32   33   9   7   3   22   26   13   12   10   19   14   21   8 
6.24306    1   15   2   24   23   30   29   17   4   11   31   5   27   25   28   18   6   16   34   20   32   33   9   7   3   22   26   13   12   10   19   14   21   8 
6.24306    1   15   2   24   23   30   29   17   4   11   31   5   27   25   28   18   6   16   34   20   32   33   9   7   3   22   26   13   12   10   19   14   21   8 
6.24306    1   15   2   24   23   30   29   17   4   11   31   5   27   25   28   18   6   16   34   20   32   33   9   7   3   22   26   13   12   10   19   14   21   8 
6.24306    1   15   2   24   23   30   29   17   4   11   31   5   27   25   28   18   6   16   34   20   32   33   9   7   3   22   26   13   12   10   19   14   21   8 
6.24306    1   15   2   24   23   30   29   17   4   11   31   5   27   25   28   18   6   16   34   20   32   33   9   7   3   22   26   13   12   10   19   14   21   8 
6.24306    1   15   2   24   23   30   29   17   4   11   31   5   27   25   28   18   6   16   34   20   32   33   9   7   3   22   26   13   12   10   19   14   21   8 
6.24306    1   15   2   24   23   30   29   17   4   11   31   5   27   25   28   18   6   16   34   20   32   33   9   7   3   22   26   13   12   10   19   14   21   8 
6.24306    1   15   2   24   23   30   29   17   4   11   31   5   27   25   28   18   6   16   34   20   32   33   9   7   3   22   26   13   12   10   19   14   21   8 
6.24306    1   15   2   24   23   30   29   17   4   11   31   5   27   25   28   18   6   16   34   20   32   33   9   7   3   22   26   13   12   10   19   14   21   8 
6.24306    1   15   2   24   23   30   29   17   4   11   31   5   27   25   28   18   6   16   34   20   32   33   9   7   3   22   26   13   12   10   19   14   21   8 
6.24306    1   15   2   24   23   30   29   17   4   11   31   5   27   25   28   18   6   16   34   20   32   33   9   7   3   22   26   13   12   10   19   14   21   8 
6.24306    1   15   2   24   23   30   29   17   4   11   31   5   27   25   28   18   6   16   34   20   32   33   9   7   3   22   26   13   12   10   19   14   21   8 
6.24306    1   15   2   24   23   30   29   17   4   11   31   5   27   25   28   18   6   16   34   20   32   33   9   7   3   22   26   13   12   10   19   14   21   8 
6.24306    1   15   2   24   23   30   29   17   4   11   31   5   27   25   28   18   6   16   34   20   32   33   9   7   3   22   26   13   12   10   19   14   21   8 
6.24306    1   15   2   24   23   30   29   17   4   11   31   5   27   25   28   18   6   16   34   20   32   33   9   7   3   22   26   13   12   10   19   14   21   8 
6.24306    1   15   2   24   23   30   29   17   4   11   31   5   27   25   28   18   6   16   34   20   32   33   9   7   3   22   26   13   12   10   19   14   21   8 
6.24306    1   15   2   24   23   30   29   17   4   11   31   5   27   25   28   18   6   16   34   20   32   33   9   7   3   22   26   13   12   10   19   14   21   8 
6.24306    1   15   2   24   23   30   29   17   4   11   31   5   27   25   28   18   6   16   34   20   32   33   9   7   3   22   26   13   12   10   19   14   21   8 
6.24306    1   15   2   24   23   30   29   17   4   11   31   5   27   25   28   18   6   16   34   20   32   33   9   7   3   22   26   13   12   10   19   14   21   8 
6.24306    1   15   2   24   23   30   29   17   4   11   31   5   27   25   28   18   6   16   34   20   32   33   9   7   3   22   26   13   12   10   19   14   21   8 
6.24306    1   15   2   24   23   30   29   17   4   11   31   5   27   25   28   18   6   16   34   20   32   33   9   7   3   22   26   13   12   10   19   14   21   8 
6.24306    1   15   2   24   23   30   29   17   4   11   31   5   27   25   28   18   6   16   34   20   32   33   9   7   3   22   26   13   12   10   19   14   21   8 
6.24306    1   15   2   24   23   30   29   17   4   11   31   5   27   25   28   18   6   16   34   20   32   33   9   7   3   22   26   13   12   10   19   14   21   8 
6.24306    1   15   2   24   23   30   29   17   4   11   31   5   27   25   28   18   6   16   34   20   32   33   9   7   3   22   26   13   12   10   19   14   21   8 
6.24306    1   15   2   24   23   30   29   17   4   11   31   5   27   25   28   18   6   16   34   20   32   33   9   7   3   22   26   13   12   10   19   14   21   8 
6.24306    1   15   2   24   23   30   29   17   4   11   31   5   27   25   28   18   6   16   34   20   32   33   9   7   3   22   26   13   12   10   19   14   21   8 
6.24306    1   15   2   24   23   30   29   17   4   11   31   5   27   25   28   18   6   16   34   20   32   33   9   7   3   22   26   13   12   10   19   14   21   8 
6.24306    1   15   2   24   23   30   29   17   4   11   31   5   27   25   28   18   6   16   34   20   32   33   9   7   3   22   26   13   12   10   19   14   21   8 
6.24306    1   15   2   24   23   30   29   17   4   11   31   5   27   25   28   18   6   16   34   20   32   33   9   7   3   22   26   13   12   10   19   14   21   8 
6.24306    1   15   2   24   23   30   29   17   4   11   31   5   27   25   28   18   6   16   34   20   32   33   9   7   3   22   26   13   12   10   19   14   21   8 
6.24306    1   15   2   24   23   30   29   17   4   11   31   5   27   25   28   18   6   16   34   20   32   33   9   7   3   22   26   13   12   10   19   14   21   8 
6.24306    1   15   2   24   23   30   29   17   4   11   31   5   27   25   28   18   6   16   34   20   32   33   9   7   3   22   26   13   12   10   19   14   21   8 
6.24306    1   15   2   24   23   30   29   17   4   11   31   5   27   25   28   18   6   16   34   20   32   33   9   7   3   22   26   13   12   10   19   14   21   8 
6.24306    1   15   2   24   23   30   29   17   4   11   31   5   27   25   28   18   6   16   34   20   32   33   9   7   3   22   26   13   12   10   19   14   21   8 
6.24306    1   15   2   24   23   30   29   17   4   11   31   5   27   25   28   18   6   16   34   20   32   33   9   7   3   22   26   13   12   10   19   14   21   8 
6.24306    1   15   2   24   23   30   29   17   4   11   31   5   27   25   28   18   6   16   34   20   32   33   9   7   3   22   26   13   12   10   19   14   21   8 
6.24306    1   15   2   24   23   30   29   17   4   11   31   5   27   25   28   18   6   16   34   20   32   33   9   7   3   22   26   13   12   10   19   14   21   8 
6.24306    1   15   2   24   23   30   29   17   4   11   31   5   27   25   28   18   6   16   34   20   32   33   9   7   3   22   26   13   12   10   19   14   21   8 
6.24306    1   15   2   24   23   30   29   17   4   11   31   5   27   25   28   18   6   16   34   20   32   33   9   7   3   22   26   13   12   10   19   14   21   8 
6.24306    1   15   2   24   23   30   29   17   4   11   31   5   27   25   28   18   6   16   34   20   32   33   9   7   3   22   26   13   12   10   19   14   21   8 
6.24306    1   15   2   24   23   30   29   17   4   11   31   5   27   25   28   18   6   16   34   20   32   33   9   7   3   22   26   13   12   10   19   14   21   8 
6.24306    1   15   2   24   23   30   29   17   4   11   31   5   27   25   28   18   6   16   34   20   32   33   9   7   3   22   26   13   12   10   19   14   21   8 
6.24306    1   15   2   24   23   30   29   17   4   11   31   5   27   25   28   18   6   16   34   20   32   33   9   7   3   22   26   13   12   10   19   14   21   8 
6.24306    1   15   2   24   23   30   29   17   4   11   31   5   27   25   28   18   6   16   34   20   32   33   9   7   3   22   26   13   12   10   19   14   21   8 
6.24306    1   15   2   24   23   30   29   17   4   11   31   5   27   25   28   18   6   16   34   20   32   33   9   7   3   22   26   13   12   10   19   14   21   8 
6.24306    1   15   2   24   23   30   29   17   4   11   31   5   27   25   28   18   6   16   34   20   32   33   9   7   3   22   26   13   12   10   19   14   21   8 
6.24306    1   15   2   24   23   30   29   17   4   11   31   5   27   25   28   18   6   16   34   20   32   33   9   7   3   22   26   13   12   10   19   14   21   8 
6.24306    1   15   2   24   23   30   29   17   4   11   31   5   27   25   28   18   6   16   34   20   32   33   9   7   3   22   26   13   12   10   19   14   21   8 
6.24306    1   15   2   24   23   30   29   17   4   11   31   5   27   25   28   18   6   16   34   20   32   33   9   7   3   22   26   13   12   10   19   14   21   8 
6.24306    1   15   2   24   23   30   29   17   4   11   31   5   27   25   28   18   6   16   34   20   32   33   9   7   3   22   26   13   12   10   19   14   21   8 
6.24306    1   15   2   24   23   30   29   17   4   11   31   5   27   25   28   18   6   16   34   20   32   33   9   7   3   22   26   13   12   10   19   14   21   8 
6.24306    1   15   2   24   23   30   29   17   4   11   31   5   27   25   28   18   6   16   34   20   32   33   9   7   3   22   26   13   12   10   19   14   21   8 
6.24306    1   15   2   24   23   30   29   17   4   11   31   5   27   25   28   18   6   16   34   20   32   33   9   7   3   22   26   13   12   10   19   14   21   8 
6.24306    1   15   2   24   23   30   29   17   4   11   31   5   27   25   28   18   6   16   34   20   32   33   9   7   3   22   26   13   12   10   19   14   21   8 
6.24306    1   15   2   24   23   30   29   17   4   11   31   5   27   25   28   18   6   16   34   20   32   33   9   7   3   22   26   13   12   10   19   14   21   8 
6.24306    1   15   2   24   23   30   29   17   4   11   31   5   27   25   28   18   6   16   34   20   32   33   9   7   3   22   26   13   12   10   19   14   21   8 
6.24306    1   15   2   24   23   30   29   17   4   11   31   5   27   25   28   18   6   16   34   20   32   33   9   7   3   22   26   13   12   10   19   14   21   8 
6.24306    1   15   2   24   23   30   29   17   4   11   31   5   27   25   28   18   6   16   34   20   32   33   9   7   3   22   26   13   12   10   19   14   21   8 
6.24306    1   15   2   24   23   30   29   17   4   11   31   5   27   25   28   18   6   16   34   20   32   33   9   7   3   22   26   13   12   10   19   14   21   8 
6.24306    1   15   2   24   23   30   29   17   4   11   31   5   27   25   28   18   6   16   34   20   32   33   9   7   3   22   26   13   12   10   19   14   21   8 
6.24306    1   15   2   24   23   30   29   17   4   11   31   5   27   25   28   18   6   16   34   20   32   33   9   7   3   22   26   13   12   10   19   14   21   8 
6.24306    1   15   2   24   23   30   29   17   4   11   31   5   27   25   28   18   6   16   34   20   32   33   9   7   3   22   26   13   12   10   19   14   21   8 
6.24306    1   15   2   24   23   30   29   17   4   11   31   5   27   25   28   18   6   16   34   20   32   33   9   7   3   22   26   13   12   10   19   14   21   8 
6.24306    1   15   2   24   23   30   29   17   4   11   31   5   27   25   28   18   6   16   34   20   32   33   9   7   3   22   26   13   12   10   19   14   21   8 
6.24306    1   15   2   24   23   30   29   17   4   11   31   5   27   25   28   18   6   16   34   20   32   33   9   7   3   22   26   13   12   10   19   14   21   8 
6.24306    1   15   2   24   23   30   29   17   4   11   31   5   27   25   28   18   6   16   34   20   32   33   9   7   3   22   26   13   12   10   19   14   21   8 
6.24306    1   15   2   24   23   30   29   17   4   11   31   5   27   25   28   18   6   16   34   20   32   33   9   7   3   22   26   13   12   10   19   14   21   8 
6.24306    1   15   2   24   23   30   29   17   4   11   31   5   27   25   28   18   6   16   34   20   32   33   9   7   3   22   26   13   12   10   19   14   21   8 
6.24306    1   15   2   24   23   30   29   17   4   11   31   5   27   25   28   18   6   16   34   20   32   33   9   7   3   22   26   13   12   10   19   14   21   8 
6.24306    1   15   2   24   23   30   29   17   4   11   31   5   27   25   28   18   6   16   34   20   32   33   9   7   3   22   26   13   12   10   19   14   21   8 
6.24306    1   15   2   24   23   30   29   17   4   11   31   5   27   25   28   18   6   16   34   20   32   33   9   7   3   22   26   13   12   10   19   14   21   8 
6.24306    1   15   2   24   23   30   29   17   4   11   31   5   27   25   28   18   6   16   34   20   32   33   9   7   3   22   26   13   12   10   19   14   21   8 
6.24306    1   15   2   24   23   30   29   17   4   11   31   5   27   25   28   18   6   16   34   20   32   33   9   7   3   22   26   13   12   10   19   14   21   8 
6.24306    1   15   2   24   23   30   29   17   4   11   31   5   27   25   28   18   6   16   34   20   32   33   9   7   3   22   26   13   12   10   19   14   21   8 
6.24306    1   15   2   24   23   30   29   17   4   11   31   5   27   25   28   18   6   16   34   20   32   33   9   7   3   22   26   13   12   10   19   14   21   8 
6.24306    1   15   2   24   23   30   29   17   4   11   31   5   27   25   28   18   6   16   34   20   32   33   9   7   3   22   26   13   12   10   19   14   21   8 
6.24306    1   15   2   24   23   30   29   17   4   11   31   5   27   25   28   18   6   16   34   20   32   33   9   7   3   22   26   13   12   10   19   14   21   8 
6.24306    1   15   2   24   23   30   29   17   4   11   31   5   27   25   28   18   6   16   34   20   32   33   9   7   3   22   26   13   12   10   19   14   21   8 
6.24306    1   15   2   24   23   30   29   17   4   11   31   5   27   25   28   18   6   16   34   20   32   33   9   7   3   22   26   13   12   10   19   14   21   8 
6.24306    1   15   2   24   23   30   29   17   4   11   31   5   27   25   28   18   6   16   34   20   32   33   9   7   3   22   26   13   12   10   19   14   21   8 
6.24306    1   15   2   24   23   30   29   17   4   11   31   5   27   25   28   18   6   16   34   20   32   33   9   7   3   22   26   13   12   10   19   14   21   8 
6.24306    1   15   2   24   23   30   29   17   4   11   31   5   27   25   28   18   6   16   34   20   32   33   9   7   3   22   26   13   12   10   19   14   21   8 
6.24306    1   15   2   24   23   30   29   17   4   11   31   5   27   25   28   18   6   16   34   20   32   33   9   7   3   22   26   13   12   10   19   14   21   8 
6.24306    1   15   2   24   23   30   29   17   4   11   31   5   27   25   28   18   6   16   34   20   32   33   9   7   3   22   26   13   12   10   19   14   21   8 
6.24306    1   15   2   24   23   30   29   17   4   11   31   5   27   25   28   18   6   16   34   20   32   33   9   7   3   22   26   13   12   10   19   14   21   8 
6.24306    1   15   2   24   23   30   29   17   4   11   31   5   27   25   28   18   6   16   34   20   32   33   9   7   3   22   26   13   12   10   19   14   21   8 
6.24306    1   15   2   24   23   30   29   17   4   11   31   5   27   25   28   18   6   16   34   20   32   33   9   7   3   22   26   13   12   10   19   14   21   8 
6.24306    1   15   2   24   23   30   29   17   4   11   31   5   27   25   28   18   6   16   34   20   32   33   9   7   3   22   26   13   12   10   19   14   21   8 
6.24306    1   15   2   24   23   30   29   17   4   11   31   5   27   25   28   18   6   16   34   20   32   33   9   7   3   22   26   13   12   10   19   14   21   8 
6.24306    1   15   2   24   23   30   29   17   4   11   31   5   27   25   28   18   6   16   34   20   32   33   9   7   3   22   26   13   12   10   19   14   21   8 
6.24306    1   15   2   24   23   30   29   17   4   11   31   5   27   25   28   18   6   16   34   20   32   33   9   7   3   22   26   13   12   10   19   14   21   8 
6.24306    1   15   2   24   23   30   29   17   4   11   31   5   27   25   28   18   6   16   34   20   32   33   9   7   3   22   26   13   12   10   19   14   21   8 
6.24306    1   15   2   24   23   30   29   17   4   11   31   5   27   25   28   18   6   16   34   20   32   33   9   7   3   22   26   13   12   10   19   14   21   8 
6.24306    1   15   2   24   23   30   29   17   4   11   31   5   27   25   28   18   6   16   34   20   32   33   9   7   3   22   26   13   12   10   19   14   21   8 
6.24306    1   15   2   24   23   30   29   17   4   11   31   5   27   25   28   18   6   16   34   20   32   33   9   7   3   22   26   13   12   10   19   14   21   8 
6.24306    1   15   2   24   23   30   29   17   4   11   31   5   27   25   28   18   6   16   34   20   32   33   9   7   3   22   26   13   12   10   19   14   21   8 
6.24306    1   15   2   24   23   30   29   17   4   11   31   5   27   25   28   18   6   16   34   20   32   33   9   7   3   22   26   13   12   10   19   14   21   8 
6.24306    1   15   2   24   23   30   29   17   4   11   31   5   27   25   28   18   6   16   34   20   32   33   9   7   3   22   26   13   12   10   19   14   21   8 
6.24306    1   15   2   24   23   30   29   17   4   11   31   5   27   25   28   18   6   16   34   20   32   33   9   7   3   22   26   13   12   10   19   14   21   8 
6.24306    1   15   2   24   23   30   29   17   4   11   31   5   27   25   28   18   6   16   34   20   32   33   9   7   3   22   26   13   12   10   19   14   21   8 
6.24306    1   15   2   24   23   30   29   17   4   11   31   5   27   25   28   18   6   16   34   20   32   33   9   7   3   22   26   13   12   10   19   14   21   8 
6.24306    1   15   2   24   23   30   29   17   4   11   31   5   27   25   28   18   6   16   34   20   32   33   9   7   3   22   26   13   12   10   19   14   21   8 
6.24306    1   15   2   24   23   30   29   17   4   11   31   5   27   25   28   18   6   16   34   20   32   33   9   7   3   22   26   13   12   10   19   14   21   8 
6.24306    1   15   2   24   23   30   29   17   4   11   31   5   27   25   28   18   6   16   34   20   32   33   9   7   3   22   26   13   12   10   19   14   21   8 
6.24306    1   15   2   24   23   30   29   17   4   11   31   5   27   25   28   18   6   16   34   20   32   33   9   7   3   22   26   13   12   10   19   14   21   8 
6.24306    1   15   2   24   23   30   29   17   4   11   31   5   27   25   28   18   6   16   34   20   32   33   9   7   3   22   26   13   12   10   19   14   21   8 
6.24306    1   15   2   24   23   30   29   17   4   11   31   5   27   25   28   18   6   16   34   20   32   33   9   7   3   22   26   13   12   10   19   14   21   8 
6.24306    1   15   2   24   23   30   29   17   4   11   31   5   27   25   28   18   6   16   34   20   32   33   9   7   3   22   26   13   12   10   19   14   21   8 
6.24306    1   15   2   24   23   30   29   17   4   11   31   5   27   25   28   18   6   16   34   20   32   33   9   7   3   22   26   13   12   10   19   14   21   8 
6.24306    1   15   2   24   23   30   29   17   4   11   31   5   27   25   28   18   6   16   34   20   32   33   9   7   3   22   26   13   12   10   19   14   21   8 
6.24306    1   15   2   24   23   30   29   17   4   11   31   5   27   25   28   18   6   16   34   20   32   33   9   7   3   22   26   13   12   10   19   14   21   8 
6.24306    1   15   2   24   23   30   29   17   4   11   31   5   27   25   28   18   6   16   34   20   32   33   9   7   3   22   26   13   12   10   19   14   21   8 
6.24306    1   15   2   24   23   30   29   17   4   11   31   5   27   25   28   18   6   16   34   20   32   33   9   7   3   22   26   13   12   10   19   14   21   8 
6.24306    1   15   2   24   23   30   29   17   4   11   31   5   27   25   28   18   6   16   34   20   32   33   9   7   3   22   26   13   12   10   19   14   21   8 
6.24306    1   15   2   24   23   30   29   17   4   11   31   5   27   25   28   18   6   16   34   20   32   33   9   7   3   22   26   13   12   10   19   14   21   8 
6.24306    1   15   2   24   23   30   29   17   4   11   31   5   27   25   28   18   6   16   34   20   32   33   9   7   3   22   26   13   12   10   19   14   21   8 
6.24306    1   15   2   24   23   30   29   17   4   11   31   5   27   25   28   18   6   16   34   20   32   33   9   7   3   22   26   13   12   10   19   14   21   8 
6.24306    1   15   2   24   23   30   29   17   4   11   31   5   27   25   28   18   6   16   34   20   32   33   9   7   3   22   26   13   12   10   19   14   21   8 
6.24306    1   15   2   24   23   30   29   17   4   11   31   5   27   25   28   18   6   16   34   20   32   33   9   7   3   22   26   13   12   10   19   14   21   8 
6.24306    1   15   2   24   23   30   29   17   4   11   31   5   27   25   28   18   6   16   34   20   32   33   9   7   3   22   26   13   12   10   19   14   21   8 
6.24306    1   15   2   24   23   30   29   17   4   11   31   5   27   25   28   18   6   16   34   20   32   33   9   7   3   22   26   13   12   10   19   14   21   8 
6.24306    1   15   2   24   23   30   29   17   4   11   31   5   27   25   28   18   6   16   34   20   32   33   9   7   3   22   26   13   12   10   19   14   21   8 
6.24306    1   15   2   24   23   30   29   17   4   11   31   5   27   25   28   18   6   16   34   20   32   33   9   7   3   22   26   13   12   10   19   14   21   8 
6.24306    1   15   2   24   23   30   29   17   4   11   31   5   27   25   28   18   6   16   34   20   32   33   9   7   3   22   26   13   12   10   19   14   21   8 
6.24306    1   15   2   24   23   30   29   17   4   11   31   5   27   25   28   18   6   16   34   20   32   33   9   7   3   22   26   13   12   10   19   14   21   8 
6.24306    1   15   2   24   23   30   29   17   4   11   31   5   27   25   28   18   6   16   34   20   32   33   9   7   3   22   26   13   12   10   19   14   21   8 
6.24306    1   15   2   24   23   30   29   17   4   11   31   5   27   25   28   18   6   16   34   20   32   33   9   7   3   22   26   13   12   10   19   14   21   8 
6.24306    1   15   2   24   23   30   29   17   4   11   31   5   27   25   28   18   6   16   34   20   32   33   9   7   3   22   26   13   12   10   19   14   21   8 
6.24306    1   15   2   24   23   30   29   17   4   11   31   5   27   25   28   18   6   16   34   20   32   33   9   7   3   22   26   13   12   10   19   14   21   8 
6.24306    1   15   2   24   23   30   29   17   4   11   31   5   27   25   28   18   6   16   34   20   32   33   9   7   3   22   26   13   12   10   19   14   21   8 
6.24306    1   15   2   24   23   30   29   17   4   11   31   5   27   25   28   18   6   16   34   20   32   33   9   7   3   22   26   13   12   10   19   14   21   8 
6.24306    1   15   2   24   23   30   29   17   4   11   31   5   27   25   28   18   6   16   34   20   32   33   9   7   3   22   26   13   12   10   19   14   21   8 
6.24306    1   15   2   24   23   30   29   17   4   11   31   5   27   25   28   18   6   16   34   20   32   33   9   7   3   22   26   13   12   10   19   14   21   8 
6.24306    1   15   2   24   23   30   29   17   4   11   31   5   27   25   28   18   6   16   34   20   32   33   9   7   3   22   26   13   12   10   19   14   21   8 
6.24306    1   15   2   24   23   30   29   17   4   11   31   5   27   25   28   18   6   16   34   20   32   33   9   7   3   22   26   13   12   10   19   14   21   8 
6.24306    1   15   2   24   23   30   29   17   4   11   31   5   27   25   28   18   6   16   34   20   32   33   9   7   3   22   26   13   12   10   19   14   21   8 
6.24306    1   15   2   24   23   30   29   17   4   11   31   5   27   25   28   18   6   16   34   20   32   33   9   7   3   22   26   13   12   10   19   14   21   8 
6.24306    1   15   2   24   23   30   29   17   4   11   31   5   27   25   28   18   6   16   34   20   32   33   9   7   3   22   26   13   12   10   19   14   21   8 
6.24306    1   15   2   24   23   30   29   17   4   11   31   5   27   25   28   18   6   16   34   20   32   33   9   7   3   22   26   13   12   10   19   14   21   8 
6.24306    1   15   2   24   23   30   29   17   4   11   31   5   27   25   28   18   6   16   34   20   32   33   9   7   3   22   26   13   12   10   19   14   21   8 
6.24306    1   15   2   24   23   30   29   17   4   11   31   5   27   25   28   18   6   16   34   20   32   33   9   7   3   22   26   13   12   10   19   14   21   8 
6.24306    1   15   2   24   23   30   29   17   4   11   31   5   27   25   28   18   6   16   34   20   32   33   9   7   3   22   26   13   12   10   19   14   21   8 
6.24306    1   15   2   24   23   30   29   17   4   11   31   5   27   25   28   18   6   16   34   20   32   33   9   7   3   22   26   13   12   10   19   14   21   8 
6.24306    1   15   2   24   23   30   29   17   4   11   31   5   27   25   28   18   6   16   34   20   32   33   9   7   3   22   26   13   12   10   19   14   21   8 
6.24306    1   15   2   24   23   30   29   17   4   11   31   5   27   25   28   18   6   16   34   20   32   33   9   7   3   22   26   13   12   10   19   14   21   8 
6.24306    1   15   2   24   23   30   29   17   4   11   31   5   27   25   28   18   6   16   34   20   32   33   9   7   3   22   26   13   12   10   19   14   21   8 
6.24306    1   15   2   24   23   30   29   17   4   11   31   5   27   25   28   18   6   16   34   20   32   33   9   7   3   22   26   13   12   10   19   14   21   8 
6.24306    1   15   2   24   23   30   29   17   4   11   31   5   27   25   28   18   6   16   34   20   32   33   9   7   3   22   26   13   12   10   19   14   21   8 
6.24306    1   15   2   24   23   30   29   17   4   11   31   5   27   25   28   18   6   16   34   20   32   33   9   7   3   22   26   13   12   10   19   14   21   8 
6.24306    1   15   2   24   23   30   29   17   4   11   31   5   27   25   28   18   6   16   34   20   32   33   9   7   3   22   26   13   12   10   19   14   21   8 
6.24306    1   15   2   24   23   30   29   17   4   11   31   5   27   25   28   18   6   16   34   20   32   33   9   7   3   22   26   13   12   10   19   14   21   8 
6.24306    1   15   2   24   23   30   29   17   4   11   31   5   27   25   28   18   6   16   34   20   32   33   9   7   3   22   26   13   12   10   19   14   21   8 
6.24306    1   15   2   24   23   30   29   17   4   11   31   5   27   25   28   18   6   16   34   20   32   33   9   7   3   22   26   13   12   10   19   14   21   8 
6.24306    1   15   2   24   23   30   29   17   4   11   31   5   27   25   28   18   6   16   34   20   32   33   9   7   3   22   26   13   12   10   19   14   21   8 
6.24306    1   15   2   24   23   30   29   17   4   11   31   5   27   25   28   18   6   16   34   20   32   33   9   7   3   22   26   13   12   10   19   14   21   8 
6.24306    1   15   2   24   23   30   29   17   4   11   31   5   27   25   28   18   6   16   34   20   32   33   9   7   3   22   26   13   12   10   19   14   21   8 
6.24306    1   15   2   24   23   30   29   17   4   11   31   5   27   25   28   18   6   16   34   20   32   33   9   7   3   22   26   13   12   10   19   14   21   8 
6.24306    1   15   2   24   23   30   29   17   4   11   31   5   27   25   28   18   6   16   34   20   32   33   9   7   3   22   26   13   12   10   19   14   21   8 
6.24306    1   15   2   24   23   30   29   17   4   11   31   5   27   25   28   18   6   16   34   20   32   33   9   7   3   22   26   13   12   10   19   14   21   8 
6.24306    1   15   2   24   23   30   29   17   4   11   31   5   27   25   28   18   6   16   34   20   32   33   9   7   3   22   26   13   12   10   19   14   21   8 
6.24306    1   15   2   24   23   30   29   17   4   11   31   5   27   25   28   18   6   16   34   20   32   33   9   7   3   22   26   13   12   10   19   14   21   8 
6.24306    1   15   2   24   23   30   29   17   4   11   31   5   27   25   28   18   6   16   34   20   32   33   9   7   3   22   26   13   12   10   19   14   21   8 
6.24306    1   15   2   24   23   30   29   17   4   11   31   5   27   25   28   18   6   16   34   20   32   33   9   7   3   22   26   13   12   10   19   14   21   8 
6.24306    1   15   2   24   23   30   29   17   4   11   31   5   27   25   28   18   6   16   34   20   32   33   9   7   3   22   26   13   12   10   19   14   21   8 
6.24306    1   15   2   24   23   30   29   17   4   11   31   5   27   25   28   18   6   16   34   20   32   33   9   7   3   22   26   13   12   10   19   14   21   8 
6.24306    1   15   2   24   23   30   29   17   4   11   31   5   27   25   28   18   6   16   34   20   32   33   9   7   3   22   26   13   12   10   19   14   21   8 
6.24306    1   15   2   24   23   30   29   17   4   11   31   5   27   25   28   18   6   16   34   20   32   33   9   7   3   22   26   13   12   10   19   14   21   8 
6.24306    1   15   2   24   23   30   29   17   4   11   31   5   27   25   28   18   6   16   34   20   32   33   9   7   3   22   26   13   12   10   19   14   21   8 
6.24306    1   15   2   24   23   30   29   17   4   11   31   5   27   25   28   18   6   16   34   20   32   33   9   7   3   22   26   13   12   10   19   14   21   8 
6.24306    1   15   2   24   23   30   29   17   4   11   31   5   27   25   28   18   6   16   34   20   32   33   9   7   3   22   26   13   12   10   19   14   21   8 
6.24306    1   15   2   24   23   30   29   17   4   11   31   5   27   25   28   18   6   16   34   20   32   33   9   7   3   22   26   13   12   10   19   14   21   8 
6.24306    1   15   2   24   23   30   29   17   4   11   31   5   27   25   28   18   6   16   34   20   32   33   9   7   3   22   26   13   12   10   19   14   21   8 
6.24306    1   15   2   24   23   30   29   17   4   11   31   5   27   25   28   18   6   16   34   20   32   33   9   7   3   22   26   13   12   10   19   14   21   8 
6.24306    1   15   2   24   23   30   29   17   4   11   31   5   27   25   28   18   6   16   34   20   32   33   9   7   3   22   26   13   12   10   19   14   21   8 
6.24306    1   15   2   24   23   30   29   17   4   11   31   5   27   25   28   18   6   16   34   20   32   33   9   7   3   22   26   13   12   10   19   14   21   8 
