13.8256    1   26   28   6   21   14   9   25   15   18   23   33   7   30   22   16   24   34   12   20   31   4   27   2   29   19   5   13   32   3   11   8   10   17 
12.9359    1   18   15   10   26   3   6   32   2   33   22   34   30   14   31   12   4   20   7   23   29   27   13   24   11   9   28   25   16   19   21   17   8   5 
12.2894    1   24   26   13   21   12   31   30   22   33   2   32   6   27   17   16   14   3   20   8   11   10   34   15   18   23   4   7   28   5   19   29   25   9 
12.1064    1   18   12   23   22   16   14   26   5   29   17   4   19   25   28   27   6   13   31   20   8   11   10   24   34   15   21   32   30   2   7   33   3   9 
11.884    1   18   12   23   32   2   7   33   16   9   13   28   11   24   20   22   8   34   15   21   17   25   14   19   29   5   27   4   30   26   31   10   6   3 
11.312    1   26   28   11   24   20   4   32   2   33   30   7   27   5   25   29   16   17   19   12   31   22   6   13   21   23   18   15   34   10   8   3   14   9 
11.2572    1   16   27   33   7   4   20   31   2   22   21   18   12   23   30   15   34   24   10   11   3   32   19   29   17   25   28   6   13   5   14   9   8   26 
11.0399    1   18   12   23   30   15   34   24   10   11   8   26   31   22   5   29   28   25   19   4   21   2   20   33   32   7   17   13   6   27   3   16   14   9 
10.9841    1   18   12   26   21   15   34   24   10   11   8   4   20   31   9   28   32   30   23   25   27   19   29   5   13   6   33   7   22   2   14   16   3   17 
10.6442    1   18   12   23   30   21   33   7   4   32   15   34   31   24   10   11   8   20   22   16   14   26   5   29   2   17   28   19   27   25   13   6   3   9 
9.31198    1   18   31   20   4   7   12   23   32   33   21   2   22   15   34   24   26   10   11   8   30   25   19   27   29   5   13   6   28   9   14   16   3   17 
9.25515    1   18   12   23   30   15   31   4   7   32   33   21   2   22   20   34   10   3   16   13   6   24   11   8   9   28   14   17   25   27   5   29   19   26 
9.16321    1   18   12   31   20   4   7   23   32   33   21   2   30   26   15   34   22   13   14   6   28   24   10   11   9   8   17   16   25   19   29   5   27   3 
8.0376    1   18   12   31   20   30   4   7   23   32   33   21   2   22   15   34   26   28   24   10   11   8   9   6   27   29   19   14   16   5   13   25   3   17 
7.90731    1   18   12   31   20   30   4   7   23   32   33   21   2   22   15   34   26   28   24   10   11   8   9   6   27   29   19   14   16   5   13   25   17   3 
7.26823    1   18   12   31   20   30   4   7   23   32   33   21   2   22   15   34   26   28   24   10   11   8   9   6   27   29   19   25   5   13   17   16   3   14 
7.42963    1   18   12   31   20   30   4   7   23   32   33   21   2   22   15   34   26   28   24   10   11   8   9   6   27   29   19   25   5   13   3   16   14   17 
7.11026    1   18   12   31   20   4   30   7   23   32   33   21   2   22   15   34   26   28   24   10   11   8   9   6   27   29   19   25   5   13   17   16   3   14 
7.17568    1   18   12   31   20   4   7   30   32   23   33   21   2   22   15   34   10   26   28   24   11   8   9   6   27   29   19   5   13   25   17   3   16   14 
6.75909    1   18   12   31   20   4   30   7   32   23   33   21   2   22   15   34   26   28   24   10   11   8   9   3   16   13   6   25   5   27   29   19   17   14 
6.75909    1   18   12   31   20   4   30   7   32   23   33   21   2   22   15   34   26   28   24   10   11   8   9   3   16   13   6   25   5   27   29   19   17   14 
6.96095    1   18   12   31   20   4   30   7   32   23   33   21   2   22   15   34   26   28   24   9   8   10   11   6   13   5   27   29   19   25   17   3   16   14 
6.85307    1   18   31   12   20   4   30   7   23   32   33   21   2   22   15   34   26   28   24   9   8   10   11   6   13   5   27   29   19   25   17   3   16   14 
6.8402    1   18   31   12   20   4   23   7   30   32   33   21   2   22   15   34   26   28   24   10   11   8   9   6   13   3   16   25   5   27   29   19   17   14 
6.68831    1   18   31   12   20   4   30   7   23   32   33   21   2   22   15   34   11   28   24   10   26   8   9   6   3   16   13   25   5   27   29   19   17   14 
6.53154    1   18   31   12   20   4   23   7   30   32   33   21   2   22   15   34   26   10   8   9   24   28   11   6   13   5   27   29   19   25   17   3   16   14 
6.56061    1   18   12   31   20   4   7   30   23   32   33   21   2   22   15   34   26   10   11   28   24   9   8   3   16   13   6   25   5   27   29   19   17   14 
6.44484    1   18   31   12   20   4   30   7   32   23   33   21   2   22   15   34   26   24   11   10   8   9   28   6   13   5   27   29   19   25   17   3   16   14 
6.55586    1   18   31   12   20   4   30   7   23   32   33   21   2   22   15   34   26   24   11   9   8   10   28   6   13   5   27   29   19   25   17   3   16   14 
6.42571    1   18   31   12   20   4   7   30   23   32   33   21   2   22   15   34   26   24   11   10   8   9   28   6   13   5   27   29   19   25   17   3   16   14 
6.41495    1   18   31   12   20   30   7   23   4   32   33   21   2   22   15   34   26   24   11   10   8   9   28   6   13   5   27   29   19   25   17   3   16   14 
6.42484    1   18   31   12   20   4   30   7   23   32   33   21   2   22   15   34   26   24   11   10   8   9   28   6   13   5   27   29   19   25   17   3   16   14 
6.2751    1   18   31   12   20   4   30   7   23   32   33   21   2   22   15   34   26   9   8   10   11   24   28   6   13   25   19   29   27   5   17   3   16   14 
6.12682    1   18   31   12   20   23   30   7   4   32   33   21   2   22   15   34   26   24   11   10   8   9   28   6   13   25   5   27   29   19   17   3   16   14 
6.15738    1   18   31   12   20   4   30   7   23   32   33   21   2   22   15   34   26   24   11   10   8   9   28   6   13   25   5   27   29   19   17   3   16   14 
6.04687    1   18   31   12   20   23   30   7   4   32   33   21   2   22   15   34   26   10   24   11   8   9   28   6   13   25   5   27   29   19   17   3   16   14 
6.03618    1   18   31   12   20   4   30   7   23   32   33   21   2   22   15   34   26   9   8   10   24   11   28   6   13   25   5   27   29   19   17   14   3   16 
6.07744    1   18   31   12   20   4   30   7   23   32   33   21   2   22   15   34   26   10   24   11   8   9   28   6   13   25   5   27   29   19   17   3   16   14 
6.0692    1   18   31   12   20   4   30   7   23   32   33   21   2   22   15   34   26   10   24   11   8   9   28   6   13   25   5   27   29   19   17   16   3   14 
6.04499    1   18   31   12   20   4   30   7   23   32   33   21   2   22   15   34   26   9   8   10   11   24   28   6   13   25   5   27   29   19   17   3   16   14 
5.95844    1   18   31   12   20   4   30   7   23   32   33   21   2   22   15   34   26   9   8   10   24   11   28   6   13   25   5   27   29   19   17   16   3   14 
5.96668    1   18   31   12   20   4   30   7   23   32   33   21   2   22   15   34   26   9   8   10   24   11   28   6   13   25   5   27   29   19   17   3   16   14 
5.94542    1   18   31   12   20   4   30   7   23   32   33   21   2   22   15   34   26   10   9   8   24   11   28   6   13   25   5   27   29   19   17   3   16   14 
5.94542    1   18   31   12   20   4   30   7   23   32   33   21   2   22   15   34   26   10   9   8   24   11   28   6   13   25   5   27   29   19   17   3   16   14 
5.9308    1   18   31   12   20   30   7   4   23   32   33   21   2   22   15   34   26   9   8   10   24   11   28   6   13   25   5   27   29   19   17   16   3   14 
5.9308    1   18   31   12   20   30   7   4   23   32   33   21   2   22   15   34   26   9   8   10   24   11   28   6   13   25   5   27   29   19   17   16   3   14 
5.91778    1   18   31   12   20   30   7   4   23   32   33   21   2   22   15   34   26   10   9   8   24   11   28   6   13   25   5   27   29   19   17   3   16   14 
5.90954    1   18   31   12   20   30   7   4   23   32   33   21   2   22   15   34   26   10   9   8   24   11   28   6   13   25   5   27   29   19   17   16   3   14 
5.90954    1   18   31   12   20   30   7   4   23   32   33   21   2   22   15   34   26   10   9   8   24   11   28   6   13   25   5   27   29   19   17   16   3   14 
5.90395    1   18   31   12   20   7   30   4   23   32   33   21   2   22   15   34   26   10   9   8   24   11   28   6   13   25   5   27   29   19   17   16   3   14 
5.90395    1   18   31   12   20   7   30   4   23   32   33   21   2   22   15   34   26   10   9   8   24   11   28   6   13   25   5   27   29   19   17   16   3   14 
5.89999    1   18   31   12   20   30   7   4   23   32   33   2   21   22   15   34   26   10   9   8   24   11   28   6   13   25   5   27   29   19   17   3   16   14 
5.89175    1   18   31   12   20   30   7   4   23   32   33   2   21   22   15   34   26   10   9   8   24   11   28   6   13   25   5   27   29   19   17   16   3   14 
5.88628    1   18   31   12   20   30   7   4   23   32   33   21   2   22   15   34   26   10   8   9   24   11   28   6   13   25   5   27   29   19   17   16   3   14 
5.87672    1   18   31   12   20   30   7   4   23   32   33   2   21   22   15   34   26   10   8   9   24   11   28   6   13   25   5   27   29   19   17   3   16   14 
5.86849    1   18   31   12   20   30   7   4   23   32   33   2   21   22   15   34   26   10   8   9   24   11   28   6   13   25   5   27   29   19   17   16   3   14 
5.86849    1   18   31   12   20   30   7   4   23   32   33   2   21   22   15   34   26   10   8   9   24   11   28   6   13   25   5   27   29   19   17   16   3   14 
5.82628    1   18   31   12   20   32   23   4   7   30   33   21   2   22   15   34   26   10   8   9   24   11   28   6   13   25   5   27   29   19   17   16   3   14 
5.80126    1   18   31   12   20   7   30   4   23   32   33   19   29   27   5   25   13   6   28   11   24   9   8   10   26   34   15   22   2   21   17   16   3   14 
5.80126    1   18   31   12   20   7   30   4   23   32   33   19   29   27   5   25   13   6   28   11   24   9   8   10   26   34   15   22   2   21   17   16   3   14 
5.80849    1   18   31   12   20   32   23   4   7   30   33   2   21   22   15   34   26   10   8   9   24   11   28   6   13   25   5   27   29   19   17   16   3   14 
5.80849    1   18   31   12   20   32   23   4   7   30   33   2   21   22   15   34   26   10   8   9   24   11   28   6   13   25   5   27   29   19   17   16   3   14 
5.8075    1   18   31   12   20   7   30   4   23   32   33   2   21   22   15   34   9   8   26   10   24   11   28   6   13   25   5   27   29   19   17   16   3   14 
5.79251    1   18   31   12   20   32   23   4   7   30   33   2   21   22   34   15   26   10   8   9   24   11   28   6   13   25   5   27   29   19   17   16   3   14 
5.79251    1   18   31   12   20   32   23   4   7   30   33   2   21   22   34   15   26   10   8   9   24   11   28   6   13   25   5   27   29   19   17   16   3   14 
5.79251    1   18   31   12   20   32   23   4   7   30   33   2   21   22   34   15   26   10   8   9   24   11   28   6   13   25   5   27   29   19   17   16   3   14 
5.79251    1   18   31   12   20   32   23   4   7   30   33   2   21   22   34   15   26   10   8   9   24   11   28   6   13   25   5   27   29   19   17   16   3   14 
5.77053    1   18   31   12   20   23   32   4   7   30   33   21   2   22   34   15   26   10   8   9   24   11   28   6   13   25   5   27   29   19   17   16   3   14 
5.78989    1   18   31   12   20   4   23   32   7   30   33   2   21   22   34   15   26   10   8   9   24   11   28   6   13   25   5   27   29   19   17   16   3   14 
5.78989    1   18   31   12   20   4   23   32   7   30   33   2   21   22   34   15   26   10   8   9   24   11   28   6   13   25   5   27   29   19   17   16   3   14 
5.78989    1   18   31   12   20   4   23   32   7   30   33   2   21   22   34   15   26   10   8   9   24   11   28   6   13   25   5   27   29   19   17   16   3   14 
5.75846    1   18   31   12   20   23   4   32   7   30   33   2   21   22   34   15   26   10   8   9   24   11   28   6   13   25   5   27   29   19   17   16   3   14 
5.75274    1   18   31   12   20   23   32   4   7   30   33   2   21   22   34   15   26   10   8   9   24   11   28   6   13   25   5   27   29   19   17   16   3   14 
5.75846    1   18   31   12   20   23   4   32   7   30   33   2   21   22   34   15   26   10   8   9   24   11   28   6   13   25   5   27   29   19   17   16   3   14 
5.75846    1   18   31   12   20   23   4   32   7   30   33   2   21   22   34   15   26   10   8   9   24   11   28   6   13   25   5   27   29   19   17   16   3   14 
5.75846    1   18   31   12   20   23   4   32   7   30   33   2   21   22   34   15   26   10   8   9   24   11   28   6   13   25   5   27   29   19   17   16   3   14 
5.75846    1   18   31   12   20   23   4   32   7   30   33   2   21   22   34   15   26   10   8   9   24   11   28   6   13   25   5   27   29   19   17   16   3   14 
5.75846    1   18   31   12   20   23   4   32   7   30   33   2   21   22   34   15   26   10   8   9   24   11   28   6   13   25   5   27   29   19   17   16   3   14 
5.75274    1   18   31   12   20   23   32   4   7   30   33   2   21   22   34   15   26   10   8   9   24   11   28   6   13   25   5   27   29   19   17   16   3   14 
5.75274    1   18   31   12   20   23   32   4   7   30   33   2   21   22   34   15   26   10   8   9   24   11   28   6   13   25   5   27   29   19   17   16   3   14 
5.75846    1   18   31   12   20   23   4   32   7   30   33   2   21   22   34   15   26   10   8   9   24   11   28   6   13   25   5   27   29   19   17   16   3   14 
5.75846    1   18   31   12   20   23   4   32   7   30   33   2   21   22   34   15   26   10   8   9   24   11   28   6   13   25   5   27   29   19   17   16   3   14 
5.75846    1   18   31   12   20   23   4   32   7   30   33   2   21   22   34   15   26   10   8   9   24   11   28   6   13   25   5   27   29   19   17   16   3   14 
5.75274    1   18   31   12   20   23   32   4   7   30   33   2   21   22   34   15   26   10   8   9   24   11   28   6   13   25   5   27   29   19   17   16   3   14 
5.75846    1   18   31   12   20   23   4   32   7   30   33   2   21   22   34   15   26   10   8   9   24   11   28   6   13   25   5   27   29   19   17   16   3   14 
5.75846    1   18   31   12   20   23   4   32   7   30   33   2   21   22   34   15   26   10   8   9   24   11   28   6   13   25   5   27   29   19   17   16   3   14 
5.75846    1   18   31   12   20   23   4   32   7   30   33   2   21   22   34   15   26   10   8   9   24   11   28   6   13   25   5   27   29   19   17   16   3   14 
5.75846    1   18   31   12   20   23   4   32   7   30   33   2   21   22   34   15   26   10   8   9   24   11   28   6   13   25   5   27   29   19   17   16   3   14 
5.75274    1   18   31   12   20   23   32   4   7   30   33   2   21   22   34   15   26   10   8   9   24   11   28   6   13   25   5   27   29   19   17   16   3   14 
5.75274    1   18   31   12   20   23   32   4   7   30   33   2   21   22   34   15   26   10   8   9   24   11   28   6   13   25   5   27   29   19   17   16   3   14 
5.75274    1   18   31   12   20   23   32   4   7   30   33   2   21   22   34   15   26   10   8   9   24   11   28   6   13   25   5   27   29   19   17   16   3   14 
5.75274    1   18   31   12   20   23   32   4   7   30   33   2   21   22   34   15   26   10   8   9   24   11   28   6   13   25   5   27   29   19   17   16   3   14 
5.75274    1   18   31   12   20   23   32   4   7   30   33   2   21   22   34   15   26   10   8   9   24   11   28   6   13   25   5   27   29   19   17   16   3   14 
5.75274    1   18   31   12   20   23   32   4   7   30   33   2   21   22   34   15   26   10   8   9   24   11   28   6   13   25   5   27   29   19   17   16   3   14 
5.75274    1   18   31   12   20   23   32   4   7   30   33   2   21   22   34   15   26   10   8   9   24   11   28   6   13   25   5   27   29   19   17   16   3   14 
5.75274    1   18   31   12   20   23   32   4   7   30   33   2   21   22   34   15   26   10   8   9   24   11   28   6   13   25   5   27   29   19   17   16   3   14 
5.75274    1   18   31   12   20   23   32   4   7   30   33   2   21   22   34   15   26   10   8   9   24   11   28   6   13   25   5   27   29   19   17   16   3   14 
5.75274    1   18   31   12   20   23   32   4   7   30   33   2   21   22   34   15   26   10   8   9   24   11   28   6   13   25   5   27   29   19   17   16   3   14 
5.75274    1   18   31   12   20   23   32   4   7   30   33   2   21   22   34   15   26   10   8   9   24   11   28   6   13   25   5   27   29   19   17   16   3   14 
5.75274    1   18   31   12   20   23   32   4   7   30   33   2   21   22   34   15   26   10   8   9   24   11   28   6   13   25   5   27   29   19   17   16   3   14 
5.75274    1   18   31   12   20   23   32   4   7   30   33   2   21   22   34   15   26   10   8   9   24   11   28   6   13   25   5   27   29   19   17   16   3   14 
5.75274    1   18   31   12   20   23   32   4   7   30   33   2   21   22   34   15   26   10   8   9   24   11   28   6   13   25   5   27   29   19   17   16   3   14 
5.75274    1   18   31   12   20   23   32   4   7   30   33   2   21   22   34   15   26   10   8   9   24   11   28   6   13   25   5   27   29   19   17   16   3   14 
5.75274    1   18   31   12   20   23   32   4   7   30   33   2   21   22   34   15   26   10   8   9   24   11   28   6   13   25   5   27   29   19   17   16   3   14 
5.75274    1   18   31   12   20   23   32   4   7   30   33   2   21   22   34   15   26   10   8   9   24   11   28   6   13   25   5   27   29   19   17   16   3   14 
5.75274    1   18   31   12   20   23   32   4   7   30   33   2   21   22   34   15   26   10   8   9   24   11   28   6   13   25   5   27   29   19   17   16   3   14 
5.75274    1   18   31   12   20   23   32   4   7   30   33   2   21   22   34   15   26   10   8   9   24   11   28   6   13   25   5   27   29   19   17   16   3   14 
5.75274    1   18   31   12   20   23   32   4   7   30   33   2   21   22   34   15   26   10   8   9   24   11   28   6   13   25   5   27   29   19   17   16   3   14 
5.75274    1   18   31   12   20   23   32   4   7   30   33   2   21   22   34   15   26   10   8   9   24   11   28   6   13   25   5   27   29   19   17   16   3   14 
5.75274    1   18   31   12   20   23   32   4   7   30   33   2   21   22   34   15   26   10   8   9   24   11   28   6   13   25   5   27   29   19   17   16   3   14 
5.75274    1   18   31   12   20   23   32   4   7   30   33   2   21   22   34   15   26   10   8   9   24   11   28   6   13   25   5   27   29   19   17   16   3   14 
5.75274    1   18   31   12   20   23   32   4   7   30   33   2   21   22   34   15   26   10   8   9   24   11   28   6   13   25   5   27   29   19   17   16   3   14 
5.75274    1   18   31   12   20   23   32   4   7   30   33   2   21   22   34   15   26   10   8   9   24   11   28   6   13   25   5   27   29   19   17   16   3   14 
5.75274    1   18   31   12   20   23   32   4   7   30   33   2   21   22   34   15   26   10   8   9   24   11   28   6   13   25   5   27   29   19   17   16   3   14 
5.75274    1   18   31   12   20   23   32   4   7   30   33   2   21   22   34   15   26   10   8   9   24   11   28   6   13   25   5   27   29   19   17   16   3   14 
5.75274    1   18   31   12   20   23   32   4   7   30   33   2   21   22   34   15   26   10   8   9   24   11   28   6   13   25   5   27   29   19   17   16   3   14 
5.75274    1   18   31   12   20   23   32   4   7   30   33   2   21   22   34   15   26   10   8   9   24   11   28   6   13   25   5   27   29   19   17   16   3   14 
5.75274    1   18   31   12   20   23   32   4   7   30   33   2   21   22   34   15   26   10   8   9   24   11   28   6   13   25   5   27   29   19   17   16   3   14 
5.75274    1   18   31   12   20   23   32   4   7   30   33   2   21   22   34   15   26   10   8   9   24   11   28   6   13   25   5   27   29   19   17   16   3   14 
5.75274    1   18   31   12   20   23   32   4   7   30   33   2   21   22   34   15   26   10   8   9   24   11   28   6   13   25   5   27   29   19   17   16   3   14 
5.75274    1   18   31   12   20   23   32   4   7   30   33   2   21   22   34   15   26   10   8   9   24   11   28   6   13   25   5   27   29   19   17   16   3   14 
5.75274    1   18   31   12   20   23   32   4   7   30   33   2   21   22   34   15   26   10   8   9   24   11   28   6   13   25   5   27   29   19   17   16   3   14 
5.75274    1   18   31   12   20   23   32   4   7   30   33   2   21   22   34   15   26   10   8   9   24   11   28   6   13   25   5   27   29   19   17   16   3   14 
5.75274    1   18   31   12   20   23   32   4   7   30   33   2   21   22   34   15   26   10   8   9   24   11   28   6   13   25   5   27   29   19   17   16   3   14 
5.75274    1   18   31   12   20   23   32   4   7   30   33   2   21   22   34   15   26   10   8   9   24   11   28   6   13   25   5   27   29   19   17   16   3   14 
5.75274    1   18   31   12   20   23   32   4   7   30   33   2   21   22   34   15   26   10   8   9   24   11   28   6   13   25   5   27   29   19   17   16   3   14 
5.75274    1   18   31   12   20   23   32   4   7   30   33   2   21   22   34   15   26   10   8   9   24   11   28   6   13   25   5   27   29   19   17   16   3   14 
5.75274    1   18   31   12   20   23   32   4   7   30   33   2   21   22   34   15   26   10   8   9   24   11   28   6   13   25   5   27   29   19   17   16   3   14 
5.75274    1   18   31   12   20   23   32   4   7   30   33   2   21   22   34   15   26   10   8   9   24   11   28   6   13   25   5   27   29   19   17   16   3   14 
5.75274    1   18   31   12   20   23   32   4   7   30   33   2   21   22   34   15   26   10   8   9   24   11   28   6   13   25   5   27   29   19   17   16   3   14 
5.75274    1   18   31   12   20   23   32   4   7   30   33   2   21   22   34   15   26   10   8   9   24   11   28   6   13   25   5   27   29   19   17   16   3   14 
5.75274    1   18   31   12   20   23   32   4   7   30   33   2   21   22   34   15   26   10   8   9   24   11   28   6   13   25   5   27   29   19   17   16   3   14 
5.75274    1   18   31   12   20   23   32   4   7   30   33   2   21   22   34   15   26   10   8   9   24   11   28   6   13   25   5   27   29   19   17   16   3   14 
5.75274    1   18   31   12   20   23   32   4   7   30   33   2   21   22   34   15   26   10   8   9   24   11   28   6   13   25   5   27   29   19   17   16   3   14 
5.75274    1   18   31   12   20   23   32   4   7   30   33   2   21   22   34   15   26   10   8   9   24   11   28   6   13   25   5   27   29   19   17   16   3   14 
5.75274    1   18   31   12   20   23   32   4   7   30   33   2   21   22   34   15   26   10   8   9   24   11   28   6   13   25   5   27   29   19   17   16   3   14 
5.75274    1   18   31   12   20   23   32   4   7   30   33   2   21   22   34   15   26   10   8   9   24   11   28   6   13   25   5   27   29   19   17   16   3   14 
5.75274    1   18   31   12   20   23   32   4   7   30   33   2   21   22   34   15   26   10   8   9   24   11   28   6   13   25   5   27   29   19   17   16   3   14 
5.75274    1   18   31   12   20   23   32   4   7   30   33   2   21   22   34   15   26   10   8   9   24   11   28   6   13   25   5   27   29   19   17   16   3   14 
5.75274    1   18   31   12   20   23   32   4   7   30   33   2   21   22   34   15   26   10   8   9   24   11   28   6   13   25   5   27   29   19   17   16   3   14 
5.75274    1   18   31   12   20   23   32   4   7   30   33   2   21   22   34   15   26   10   8   9   24   11   28   6   13   25   5   27   29   19   17   16   3   14 
5.75274    1   18   31   12   20   23   32   4   7   30   33   2   21   22   34   15   26   10   8   9   24   11   28   6   13   25   5   27   29   19   17   16   3   14 
5.75274    1   18   31   12   20   23   32   4   7   30   33   2   21   22   34   15   26   10   8   9   24   11   28   6   13   25   5   27   29   19   17   16   3   14 
5.75274    1   18   31   12   20   23   32   4   7   30   33   2   21   22   34   15   26   10   8   9   24   11   28   6   13   25   5   27   29   19   17   16   3   14 
5.75274    1   18   31   12   20   23   32   4   7   30   33   2   21   22   34   15   26   10   8   9   24   11   28   6   13   25   5   27   29   19   17   16   3   14 
5.75274    1   18   31   12   20   23   32   4   7   30   33   2   21   22   34   15   26   10   8   9   24   11   28   6   13   25   5   27   29   19   17   16   3   14 
5.75274    1   18   31   12   20   23   32   4   7   30   33   2   21   22   34   15   26   10   8   9   24   11   28   6   13   25   5   27   29   19   17   16   3   14 
5.75274    1   18   31   12   20   23   32   4   7   30   33   2   21   22   34   15   26   10   8   9   24   11   28   6   13   25   5   27   29   19   17   16   3   14 
5.75274    1   18   31   12   20   23   32   4   7   30   33   2   21   22   34   15   26   10   8   9   24   11   28   6   13   25   5   27   29   19   17   16   3   14 
5.75274    1   18   31   12   20   23   32   4   7   30   33   2   21   22   34   15   26   10   8   9   24   11   28   6   13   25   5   27   29   19   17   16   3   14 
5.75274    1   18   31   12   20   23   32   4   7   30   33   2   21   22   34   15   26   10   8   9   24   11   28   6   13   25   5   27   29   19   17   16   3   14 
5.75274    1   18   31   12   20   23   32   4   7   30   33   2   21   22   34   15   26   10   8   9   24   11   28   6   13   25   5   27   29   19   17   16   3   14 
5.75274    1   18   31   12   20   23   32   4   7   30   33   2   21   22   34   15   26   10   8   9   24   11   28   6   13   25   5   27   29   19   17   16   3   14 
5.75274    1   18   31   12   20   23   32   4   7   30   33   2   21   22   34   15   26   10   8   9   24   11   28   6   13   25   5   27   29   19   17   16   3   14 
5.75274    1   18   31   12   20   23   32   4   7   30   33   2   21   22   34   15   26   10   8   9   24   11   28   6   13   25   5   27   29   19   17   16   3   14 
5.75274    1   18   31   12   20   23   32   4   7   30   33   2   21   22   34   15   26   10   8   9   24   11   28   6   13   25   5   27   29   19   17   16   3   14 
5.75274    1   18   31   12   20   23   32   4   7   30   33   2   21   22   34   15   26   10   8   9   24   11   28   6   13   25   5   27   29   19   17   16   3   14 
5.75274    1   18   31   12   20   23   32   4   7   30   33   2   21   22   34   15   26   10   8   9   24   11   28   6   13   25   5   27   29   19   17   16   3   14 
5.75274    1   18   31   12   20   23   32   4   7   30   33   2   21   22   34   15   26   10   8   9   24   11   28   6   13   25   5   27   29   19   17   16   3   14 
5.75274    1   18   31   12   20   23   32   4   7   30   33   2   21   22   34   15   26   10   8   9   24   11   28   6   13   25   5   27   29   19   17   16   3   14 
5.75274    1   18   31   12   20   23   32   4   7   30   33   2   21   22   34   15   26   10   8   9   24   11   28   6   13   25   5   27   29   19   17   16   3   14 
5.6911    1   18   31   12   20   23   32   4   7   30   33   19   29   27   5   25   13   6   28   11   24   9   8   10   26   15   34   22   2   21   17   16   3   14 
5.75274    1   18   31   12   20   23   32   4   7   30   33   2   21   22   34   15   26   10   8   9   24   11   28   6   13   25   5   27   29   19   17   16   3   14 
5.75274    1   18   31   12   20   23   32   4   7   30   33   2   21   22   34   15   26   10   8   9   24   11   28   6   13   25   5   27   29   19   17   16   3   14 
5.75274    1   18   31   12   20   23   32   4   7   30   33   2   21   22   34   15   26   10   8   9   24   11   28   6   13   25   5   27   29   19   17   16   3   14 
5.75274    1   18   31   12   20   23   32   4   7   30   33   2   21   22   34   15   26   10   8   9   24   11   28   6   13   25   5   27   29   19   17   16   3   14 
5.75274    1   18   31   12   20   23   32   4   7   30   33   2   21   22   34   15   26   10   8   9   24   11   28   6   13   25   5   27   29   19   17   16   3   14 
5.75274    1   18   31   12   20   23   32   4   7   30   33   2   21   22   34   15   26   10   8   9   24   11   28   6   13   25   5   27   29   19   17   16   3   14 
5.75274    1   18   31   12   20   23   32   4   7   30   33   2   21   22   34   15   26   10   8   9   24   11   28   6   13   25   5   27   29   19   17   16   3   14 
5.75274    1   18   31   12   20   23   32   4   7   30   33   2   21   22   34   15   26   10   8   9   24   11   28   6   13   25   5   27   29   19   17   16   3   14 
5.75274    1   18   31   12   20   23   32   4   7   30   33   2   21   22   34   15   26   10   8   9   24   11   28   6   13   25   5   27   29   19   17   16   3   14 
5.75274    1   18   31   12   20   23   32   4   7   30   33   2   21   22   34   15   26   10   8   9   24   11   28   6   13   25   5   27   29   19   17   16   3   14 
5.75274    1   18   31   12   20   23   32   4   7   30   33   2   21   22   34   15   26   10   8   9   24   11   28   6   13   25   5   27   29   19   17   16   3   14 
5.75274    1   18   31   12   20   23   32   4   7   30   33   2   21   22   34   15   26   10   8   9   24   11   28   6   13   25   5   27   29   19   17   16   3   14 
5.75274    1   18   31   12   20   23   32   4   7   30   33   2   21   22   34   15   26   10   8   9   24   11   28   6   13   25   5   27   29   19   17   16   3   14 
5.75274    1   18   31   12   20   23   32   4   7   30   33   2   21   22   34   15   26   10   8   9   24   11   28   6   13   25   5   27   29   19   17   16   3   14 
5.75274    1   18   31   12   20   23   32   4   7   30   33   2   21   22   34   15   26   10   8   9   24   11   28   6   13   25   5   27   29   19   17   16   3   14 
5.75274    1   18   31   12   20   23   32   4   7   30   33   2   21   22   34   15   26   10   8   9   24   11   28   6   13   25   5   27   29   19   17   16   3   14 
5.75274    1   18   31   12   20   23   32   4   7   30   33   2   21   22   34   15   26   10   8   9   24   11   28   6   13   25   5   27   29   19   17   16   3   14 
5.75274    1   18   31   12   20   23   32   4   7   30   33   2   21   22   34   15   26   10   8   9   24   11   28   6   13   25   5   27   29   19   17   16   3   14 
5.75274    1   18   31   12   20   23   32   4   7   30   33   2   21   22   34   15   26   10   8   9   24   11   28   6   13   25   5   27   29   19   17   16   3   14 
5.71226    1   18   31   12   20   23   32   4   7   30   33   2   21   22   34   15   9   8   26   10   24   11   28   6   13   25   5   27   29   19   17   16   3   14 
5.75274    1   18   31   12   20   23   32   4   7   30   33   2   21   22   34   15   26   10   8   9   24   11   28   6   13   25   5   27   29   19   17   16   3   14 
5.75274    1   18   31   12   20   23   32   4   7   30   33   2   21   22   34   15   26   10   8   9   24   11   28   6   13   25   5   27   29   19   17   16   3   14 
5.75274    1   18   31   12   20   23   32   4   7   30   33   2   21   22   34   15   26   10   8   9   24   11   28   6   13   25   5   27   29   19   17   16   3   14 
5.75274    1   18   31   12   20   23   32   4   7   30   33   2   21   22   34   15   26   10   8   9   24   11   28   6   13   25   5   27   29   19   17   16   3   14 
5.75274    1   18   31   12   20   23   32   4   7   30   33   2   21   22   34   15   26   10   8   9   24   11   28   6   13   25   5   27   29   19   17   16   3   14 
5.75274    1   18   31   12   20   23   32   4   7   30   33   2   21   22   34   15   26   10   8   9   24   11   28   6   13   25   5   27   29   19   17   16   3   14 
5.75274    1   18   31   12   20   23   32   4   7   30   33   2   21   22   34   15   26   10   8   9   24   11   28   6   13   25   5   27   29   19   17   16   3   14 
5.75274    1   18   31   12   20   23   32   4   7   30   33   2   21   22   34   15   26   10   8   9   24   11   28   6   13   25   5   27   29   19   17   16   3   14 
5.75274    1   18   31   12   20   23   32   4   7   30   33   2   21   22   34   15   26   10   8   9   24   11   28   6   13   25   5   27   29   19   17   16   3   14 
5.75274    1   18   31   12   20   23   32   4   7   30   33   2   21   22   34   15   26   10   8   9   24   11   28   6   13   25   5   27   29   19   17   16   3   14 
5.75274    1   18   31   12   20   23   32   4   7   30   33   2   21   22   34   15   26   10   8   9   24   11   28   6   13   25   5   27   29   19   17   16   3   14 
5.71226    1   18   31   12   20   23   32   4   7   30   33   2   21   22   34   15   9   8   26   10   24   11   28   6   13   25   5   27   29   19   17   16   3   14 
5.71226    1   18   31   12   20   23   32   4   7   30   33   2   21   22   34   15   9   8   26   10   24   11   28   6   13   25   5   27   29   19   17   16   3   14 
5.71226    1   18   31   12   20   23   32   4   7   30   33   2   21   22   34   15   9   8   26   10   24   11   28   6   13   25   5   27   29   19   17   16   3   14 
5.71226    1   18   31   12   20   23   32   4   7   30   33   2   21   22   34   15   9   8   26   10   24   11   28   6   13   25   5   27   29   19   17   16   3   14 
5.71226    1   18   31   12   20   23   32   4   7   30   33   2   21   22   34   15   9   8   26   10   24   11   28   6   13   25   5   27   29   19   17   16   3   14 
5.71226    1   18   31   12   20   23   32   4   7   30   33   2   21   22   34   15   9   8   26   10   24   11   28   6   13   25   5   27   29   19   17   16   3   14 
5.7068    1   18   31   12   15   34   22   21   2   33   30   7   4   32   23   20   9   8   26   10   24   11   28   6   13   25   5   27   29   19   17   16   3   14 
5.7068    1   18   31   12   15   34   22   21   2   33   30   7   4   32   23   20   9   8   26   10   24   11   28   6   13   25   5   27   29   19   17   16   3   14 
5.7068    1   18   31   12   15   34   22   21   2   33   30   7   4   32   23   20   9   8   26   10   24   11   28   6   13   25   5   27   29   19   17   16   3   14 
5.7068    1   18   31   12   15   34   22   21   2   33   30   7   4   32   23   20   9   8   26   10   24   11   28   6   13   25   5   27   29   19   17   16   3   14 
5.7068    1   18   31   12   15   34   22   21   2   33   30   7   4   32   23   20   9   8   26   10   24   11   28   6   13   25   5   27   29   19   17   16   3   14 
5.66573    1   18   31   12   15   34   22   20   23   32   4   7   30   33   2   21   9   8   26   10   24   11   28   6   13   25   5   27   29   19   17   16   3   14 
5.58037    1   18   31   12   15   34   20   23   32   4   7   30   33   2   21   22   9   8   26   10   24   11   28   6   13   25   5   27   29   19   17   16   3   14 
5.58037    1   18   31   12   15   34   20   23   32   4   7   30   33   2   21   22   9   8   26   10   24   11   28   6   13   25   5   27   29   19   17   16   3   14 
5.58037    1   18   31   12   15   34   20   23   32   4   7   30   33   2   21   22   9   8   26   10   24   11   28   6   13   25   5   27   29   19   17   16   3   14 
5.58037    1   18   31   12   15   34   20   23   32   4   7   30   33   2   21   22   9   8   26   10   24   11   28   6   13   25   5   27   29   19   17   16   3   14 
5.58037    1   18   31   12   15   34   20   23   32   4   7   30   33   2   21   22   9   8   26   10   24   11   28   6   13   25   5   27   29   19   17   16   3   14 
5.37914    1   18   31   12   15   34   20   23   32   4   7   30   22   21   2   33   17   19   29   27   5   25   13   6   28   11   24   10   26   8   9   16   3   14 
5.37914    1   18   31   12   15   34   20   23   32   4   7   30   22   21   2   33   17   19   29   27   5   25   13   6   28   11   24   10   26   8   9   16   3   14 
5.37914    1   18   31   12   15   34   20   23   32   4   7   30   22   21   2   33   17   19   29   27   5   25   13   6   28   11   24   10   26   8   9   16   3   14 
5.37914    1   18   31   12   15   34   20   23   32   4   7   30   22   21   2   33   17   19   29   27   5   25   13   6   28   11   24   10   26   8   9   16   3   14 
5.37914    1   18   31   12   15   34   20   23   32   4   7   30   22   21   2   33   17   19   29   27   5   25   13   6   28   11   24   10   26   8   9   16   3   14 
5.37914    1   18   31   12   15   34   20   23   32   4   7   30   22   21   2   33   17   19   29   27   5   25   13   6   28   11   24   10   26   8   9   16   3   14 
5.37914    1   18   31   12   15   34   20   23   32   4   7   30   22   21   2   33   17   19   29   27   5   25   13   6   28   11   24   10   26   8   9   16   3   14 
5.37914    1   18   31   12   15   34   20   23   32   4   7   30   22   21   2   33   17   19   29   27   5   25   13   6   28   11   24   10   26   8   9   16   3   14 
5.3737    1   18   31   12   15   34   20   23   32   30   7   4   22   21   2   33   17   19   29   27   5   25   13   6   28   11   24   10   26   8   9   16   3   14 
5.37914    1   18   31   12   15   34   20   23   32   4   7   30   22   21   2   33   17   19   29   27   5   25   13   6   28   11   24   10   26   8   9   16   3   14 
5.36391    1   18   31   12   15   34   20   23   30   7   4   32   22   21   2   33   17   19   29   27   5   25   13   6   28   11   24   10   26   8   9   16   3   14 
5.36391    1   18   31   12   15   34   20   23   30   7   4   32   22   21   2   33   17   19   29   27   5   25   13   6   28   11   24   10   26   8   9   16   3   14 
5.36391    1   18   31   12   15   34   20   23   30   7   4   32   22   21   2   33   17   19   29   27   5   25   13   6   28   11   24   10   26   8   9   16   3   14 
5.36391    1   18   31   12   15   34   20   23   30   7   4   32   22   21   2   33   17   19   29   27   5   25   13   6   28   11   24   10   26   8   9   16   3   14 
5.36391    1   18   31   12   15   34   20   23   30   7   4   32   22   21   2   33   17   19   29   27   5   25   13   6   28   11   24   10   26   8   9   16   3   14 
5.36391    1   18   31   12   15   34   20   23   30   7   4   32   22   21   2   33   17   19   29   27   5   25   13   6   28   11   24   10   26   8   9   16   3   14 
5.36391    1   18   31   12   15   34   20   23   30   7   4   32   22   21   2   33   17   19   29   27   5   25   13   6   28   11   24   10   26   8   9   16   3   14 
5.36391    1   18   31   12   15   34   20   23   30   7   4   32   22   21   2   33   17   19   29   27   5   25   13   6   28   11   24   10   26   8   9   16   3   14 
5.36391    1   18   31   12   15   34   20   23   30   7   4   32   22   21   2   33   17   19   29   27   5   25   13   6   28   11   24   10   26   8   9   16   3   14 
5.36391    1   18   31   12   15   34   20   23   30   7   4   32   22   21   2   33   17   19   29   27   5   25   13   6   28   11   24   10   26   8   9   16   3   14 
5.36391    1   18   31   12   15   34   20   23   30   7   4   32   22   21   2   33   17   19   29   27   5   25   13   6   28   11   24   10   26   8   9   16   3   14 
5.36391    1   18   31   12   15   34   20   23   30   7   4   32   22   21   2   33   17   19   29   27   5   25   13   6   28   11   24   10   26   8   9   16   3   14 
5.36391    1   18   31   12   15   34   20   23   30   7   4   32   22   21   2   33   17   19   29   27   5   25   13   6   28   11   24   10   26   8   9   16   3   14 
5.36391    1   18   31   12   15   34   20   23   30   7   4   32   22   21   2   33   17   19   29   27   5   25   13   6   28   11   24   10   26   8   9   16   3   14 
5.36391    1   18   31   12   15   34   20   23   30   7   4   32   22   21   2   33   17   19   29   27   5   25   13   6   28   11   24   10   26   8   9   16   3   14 
5.36391    1   18   31   12   15   34   20   23   30   7   4   32   22   21   2   33   17   19   29   27   5   25   13   6   28   11   24   10   26   8   9   16   3   14 
5.36304    1   18   31   12   15   34   20   23   7   30   4   32   22   21   2   33   17   19   29   27   5   25   13   6   28   11   24   10   26   8   9   16   3   14 
5.36304    1   18   31   12   15   34   20   23   7   30   4   32   22   21   2   33   17   19   29   27   5   25   13   6   28   11   24   10   26   8   9   16   3   14 
5.36391    1   18   31   12   15   34   20   23   30   7   4   32   22   21   2   33   17   19   29   27   5   25   13   6   28   11   24   10   26   8   9   16   3   14 
5.36304    1   18   31   12   15   34   20   23   7   30   4   32   22   21   2   33   17   19   29   27   5   25   13   6   28   11   24   10   26   8   9   16   3   14 
5.34617    1   18   31   12   15   34   20   23   4   7   30   32   22   21   2   33   17   19   29   27   5   25   13   6   28   11   24   10   26   8   9   16   3   14 
5.36304    1   18   31   12   15   34   20   23   7   30   4   32   22   21   2   33   17   19   29   27   5   25   13   6   28   11   24   10   26   8   9   16   3   14 
5.36304    1   18   31   12   15   34   20   23   7   30   4   32   22   21   2   33   17   19   29   27   5   25   13   6   28   11   24   10   26   8   9   16   3   14 
5.36304    1   18   31   12   15   34   20   23   7   30   4   32   22   21   2   33   17   19   29   27   5   25   13   6   28   11   24   10   26   8   9   16   3   14 
5.36304    1   18   31   12   15   34   20   23   7   30   4   32   22   21   2   33   17   19   29   27   5   25   13   6   28   11   24   10   26   8   9   16   3   14 
5.36304    1   18   31   12   15   34   20   23   7   30   4   32   22   21   2   33   17   19   29   27   5   25   13   6   28   11   24   10   26   8   9   16   3   14 
5.36304    1   18   31   12   15   34   20   23   7   30   4   32   22   21   2   33   17   19   29   27   5   25   13   6   28   11   24   10   26   8   9   16   3   14 
5.34617    1   18   31   12   15   34   20   23   4   7   30   32   22   21   2   33   17   19   29   27   5   25   13   6   28   11   24   10   26   8   9   16   3   14 
5.36304    1   18   31   12   15   34   20   23   7   30   4   32   22   21   2   33   17   19   29   27   5   25   13   6   28   11   24   10   26   8   9   16   3   14 
5.36304    1   18   31   12   15   34   20   23   7   30   4   32   22   21   2   33   17   19   29   27   5   25   13   6   28   11   24   10   26   8   9   16   3   14 
5.36304    1   18   31   12   15   34   20   23   7   30   4   32   22   21   2   33   17   19   29   27   5   25   13   6   28   11   24   10   26   8   9   16   3   14 
5.36304    1   18   31   12   15   34   20   23   7   30   4   32   22   21   2   33   17   19   29   27   5   25   13   6   28   11   24   10   26   8   9   16   3   14 
5.36304    1   18   31   12   15   34   20   23   7   30   4   32   22   21   2   33   17   19   29   27   5   25   13   6   28   11   24   10   26   8   9   16   3   14 
5.36304    1   18   31   12   15   34   20   23   7   30   4   32   22   21   2   33   17   19   29   27   5   25   13   6   28   11   24   10   26   8   9   16   3   14 
5.36304    1   18   31   12   15   34   20   23   7   30   4   32   22   21   2   33   17   19   29   27   5   25   13   6   28   11   24   10   26   8   9   16   3   14 
5.36304    1   18   31   12   15   34   20   23   7   30   4   32   22   21   2   33   17   19   29   27   5   25   13   6   28   11   24   10   26   8   9   16   3   14 
5.36304    1   18   31   12   15   34   20   23   7   30   4   32   22   21   2   33   17   19   29   27   5   25   13   6   28   11   24   10   26   8   9   16   3   14 
5.36304    1   18   31   12   15   34   20   23   7   30   4   32   22   21   2   33   17   19   29   27   5   25   13   6   28   11   24   10   26   8   9   16   3   14 
5.36304    1   18   31   12   15   34   20   23   7   30   4   32   22   21   2   33   17   19   29   27   5   25   13   6   28   11   24   10   26   8   9   16   3   14 
5.351    1   18   31   12   15   34   20   23   4   30   7   32   22   21   2   33   17   19   29   27   5   25   13   6   28   11   24   10   26   8   9   16   3   14 
5.351    1   18   31   12   15   34   20   23   4   30   7   32   22   21   2   33   17   19   29   27   5   25   13   6   28   11   24   10   26   8   9   16   3   14 
5.351    1   18   31   12   15   34   20   23   4   30   7   32   22   21   2   33   17   19   29   27   5   25   13   6   28   11   24   10   26   8   9   16   3   14 
5.36304    1   18   31   12   15   34   20   23   7   30   4   32   22   21   2   33   17   19   29   27   5   25   13   6   28   11   24   10   26   8   9   16   3   14 
5.36304    1   18   31   12   15   34   20   23   7   30   4   32   22   21   2   33   17   19   29   27   5   25   13   6   28   11   24   10   26   8   9   16   3   14 
5.36304    1   18   31   12   15   34   20   23   7   30   4   32   22   21   2   33   17   19   29   27   5   25   13   6   28   11   24   10   26   8   9   16   3   14 
5.351    1   18   31   12   15   34   20   23   4   30   7   32   22   21   2   33   17   19   29   27   5   25   13   6   28   11   24   10   26   8   9   16   3   14 
5.36304    1   18   31   12   15   34   20   23   7   30   4   32   22   21   2   33   17   19   29   27   5   25   13   6   28   11   24   10   26   8   9   16   3   14 
5.351    1   18   31   12   15   34   20   23   4   30   7   32   22   21   2   33   17   19   29   27   5   25   13   6   28   11   24   10   26   8   9   16   3   14 
5.351    1   18   31   12   15   34   20   23   4   30   7   32   22   21   2   33   17   19   29   27   5   25   13   6   28   11   24   10   26   8   9   16   3   14 
5.351    1   18   31   12   15   34   20   23   4   30   7   32   22   21   2   33   17   19   29   27   5   25   13   6   28   11   24   10   26   8   9   16   3   14 
5.36304    1   18   31   12   15   34   20   23   7   30   4   32   22   21   2   33   17   19   29   27   5   25   13   6   28   11   24   10   26   8   9   16   3   14 
5.36304    1   18   31   12   15   34   20   23   7   30   4   32   22   21   2   33   17   19   29   27   5   25   13   6   28   11   24   10   26   8   9   16   3   14 
5.351    1   18   31   12   15   34   20   23   4   30   7   32   22   21   2   33   17   19   29   27   5   25   13   6   28   11   24   10   26   8   9   16   3   14 
5.351    1   18   31   12   15   34   20   23   4   30   7   32   22   21   2   33   17   19   29   27   5   25   13   6   28   11   24   10   26   8   9   16   3   14 
5.351    1   18   31   12   15   34   20   23   4   30   7   32   22   21   2   33   17   19   29   27   5   25   13   6   28   11   24   10   26   8   9   16   3   14 
5.34617    1   18   31   12   15   34   20   23   4   7   30   32   22   21   2   33   17   19   29   27   5   25   13   6   28   11   24   10   26   8   9   16   3   14 
5.34617    1   18   31   12   15   34   20   23   4   7   30   32   22   21   2   33   17   19   29   27   5   25   13   6   28   11   24   10   26   8   9   16   3   14 
5.34617    1   18   31   12   15   34   20   23   4   7   30   32   22   21   2   33   17   19   29   27   5   25   13   6   28   11   24   10   26   8   9   16   3   14 
5.34617    1   18   31   12   15   34   20   23   4   7   30   32   22   21   2   33   17   19   29   27   5   25   13   6   28   11   24   10   26   8   9   16   3   14 
5.34617    1   18   31   12   15   34   20   23   4   7   30   32   22   21   2   33   17   19   29   27   5   25   13   6   28   11   24   10   26   8   9   16   3   14 
5.34617    1   18   31   12   15   34   20   23   4   7   30   32   22   21   2   33   17   19   29   27   5   25   13   6   28   11   24   10   26   8   9   16   3   14 
5.34617    1   18   31   12   15   34   20   23   4   7   30   32   22   21   2   33   17   19   29   27   5   25   13   6   28   11   24   10   26   8   9   16   3   14 
5.34617    1   18   31   12   15   34   20   23   4   7   30   32   22   21   2   33   17   19   29   27   5   25   13   6   28   11   24   10   26   8   9   16   3   14 
5.34617    1   18   31   12   15   34   20   23   4   7   30   32   22   21   2   33   17   19   29   27   5   25   13   6   28   11   24   10   26   8   9   16   3   14 
5.34617    1   18   31   12   15   34   20   23   4   7   30   32   22   21   2   33   17   19   29   27   5   25   13   6   28   11   24   10   26   8   9   16   3   14 
5.34617    1   18   31   12   15   34   20   23   4   7   30   32   22   21   2   33   17   19   29   27   5   25   13   6   28   11   24   10   26   8   9   16   3   14 
5.34617    1   18   31   12   15   34   20   23   4   7   30   32   22   21   2   33   17   19   29   27   5   25   13   6   28   11   24   10   26   8   9   16   3   14 
5.34617    1   18   31   12   15   34   20   23   4   7   30   32   22   21   2   33   17   19   29   27   5   25   13   6   28   11   24   10   26   8   9   16   3   14 
5.34617    1   18   31   12   15   34   20   23   4   7   30   32   22   21   2   33   17   19   29   27   5   25   13   6   28   11   24   10   26   8   9   16   3   14 
5.34617    1   18   31   12   15   34   20   23   4   7   30   32   22   21   2   33   17   19   29   27   5   25   13   6   28   11   24   10   26   8   9   16   3   14 
5.34617    1   18   31   12   15   34   20   23   4   7   30   32   22   21   2   33   17   19   29   27   5   25   13   6   28   11   24   10   26   8   9   16   3   14 
5.34617    1   18   31   12   15   34   20   23   4   7   30   32   22   21   2   33   17   19   29   27   5   25   13   6   28   11   24   10   26   8   9   16   3   14 
5.34617    1   18   31   12   15   34   20   23   4   7   30   32   22   21   2   33   17   19   29   27   5   25   13   6   28   11   24   10   26   8   9   16   3   14 
5.34617    1   18   31   12   15   34   20   23   4   7   30   32   22   21   2   33   17   19   29   27   5   25   13   6   28   11   24   10   26   8   9   16   3   14 
5.34617    1   18   31   12   15   34   20   23   4   7   30   32   22   21   2   33   17   19   29   27   5   25   13   6   28   11   24   10   26   8   9   16   3   14 
5.34617    1   18   31   12   15   34   20   23   4   7   30   32   22   21   2   33   17   19   29   27   5   25   13   6   28   11   24   10   26   8   9   16   3   14 
5.34617    1   18   31   12   15   34   20   23   4   7   30   32   22   21   2   33   17   19   29   27   5   25   13   6   28   11   24   10   26   8   9   16   3   14 
5.34617    1   18   31   12   15   34   20   23   4   7   30   32   22   21   2   33   17   19   29   27   5   25   13   6   28   11   24   10   26   8   9   16   3   14 
5.34617    1   18   31   12   15   34   20   23   4   7   30   32   22   21   2   33   17   19   29   27   5   25   13   6   28   11   24   10   26   8   9   16   3   14 
5.34617    1   18   31   12   15   34   20   23   4   7   30   32   22   21   2   33   17   19   29   27   5   25   13   6   28   11   24   10   26   8   9   16   3   14 
5.34617    1   18   31   12   15   34   20   23   4   7   30   32   22   21   2   33   17   19   29   27   5   25   13   6   28   11   24   10   26   8   9   16   3   14 
5.34617    1   18   31   12   15   34   20   23   4   7   30   32   22   21   2   33   17   19   29   27   5   25   13   6   28   11   24   10   26   8   9   16   3   14 
5.34617    1   18   31   12   15   34   20   23   4   7   30   32   22   21   2   33   17   19   29   27   5   25   13   6   28   11   24   10   26   8   9   16   3   14 
5.34617    1   18   31   12   15   34   20   23   4   7   30   32   22   21   2   33   17   19   29   27   5   25   13   6   28   11   24   10   26   8   9   16   3   14 
5.34617    1   18   31   12   15   34   20   23   4   7   30   32   22   21   2   33   17   19   29   27   5   25   13   6   28   11   24   10   26   8   9   16   3   14 
5.34617    1   18   31   12   15   34   20   23   4   7   30   32   22   21   2   33   17   19   29   27   5   25   13   6   28   11   24   10   26   8   9   16   3   14 
5.34617    1   18   31   12   15   34   20   23   4   7   30   32   22   21   2   33   17   19   29   27   5   25   13   6   28   11   24   10   26   8   9   16   3   14 
5.34617    1   18   31   12   15   34   20   23   4   7   30   32   22   21   2   33   17   19   29   27   5   25   13   6   28   11   24   10   26   8   9   16   3   14 
5.34617    1   18   31   12   15   34   20   23   4   7   30   32   22   21   2   33   17   19   29   27   5   25   13   6   28   11   24   10   26   8   9   16   3   14 
5.34617    1   18   31   12   15   34   20   23   4   7   30   32   22   21   2   33   17   19   29   27   5   25   13   6   28   11   24   10   26   8   9   16   3   14 
5.34617    1   18   31   12   15   34   20   23   4   7   30   32   22   21   2   33   17   19   29   27   5   25   13   6   28   11   24   10   26   8   9   16   3   14 
5.34617    1   18   31   12   15   34   20   23   4   7   30   32   22   21   2   33   17   19   29   27   5   25   13   6   28   11   24   10   26   8   9   16   3   14 
5.34617    1   18   31   12   15   34   20   23   4   7   30   32   22   21   2   33   17   19   29   27   5   25   13   6   28   11   24   10   26   8   9   16   3   14 
5.34617    1   18   31   12   15   34   20   23   4   7   30   32   22   21   2   33   17   19   29   27   5   25   13   6   28   11   24   10   26   8   9   16   3   14 
5.34617    1   18   31   12   15   34   20   23   4   7   30   32   22   21   2   33   17   19   29   27   5   25   13   6   28   11   24   10   26   8   9   16   3   14 
5.34617    1   18   31   12   15   34   20   23   4   7   30   32   22   21   2   33   17   19   29   27   5   25   13   6   28   11   24   10   26   8   9   16   3   14 
5.34617    1   18   31   12   15   34   20   23   4   7   30   32   22   21   2   33   17   19   29   27   5   25   13   6   28   11   24   10   26   8   9   16   3   14 
5.34617    1   18   31   12   15   34   20   23   4   7   30   32   22   21   2   33   17   19   29   27   5   25   13   6   28   11   24   10   26   8   9   16   3   14 
5.34617    1   18   31   12   15   34   20   23   4   7   30   32   22   21   2   33   17   19   29   27   5   25   13   6   28   11   24   10   26   8   9   16   3   14 
5.34617    1   18   31   12   15   34   20   23   4   7   30   32   22   21   2   33   17   19   29   27   5   25   13   6   28   11   24   10   26   8   9   16   3   14 
5.34617    1   18   31   12   15   34   20   23   4   7   30   32   22   21   2   33   17   19   29   27   5   25   13   6   28   11   24   10   26   8   9   16   3   14 
5.34617    1   18   31   12   15   34   20   23   4   7   30   32   22   21   2   33   17   19   29   27   5   25   13   6   28   11   24   10   26   8   9   16   3   14 
5.34617    1   18   31   12   15   34   20   23   4   7   30   32   22   21   2   33   17   19   29   27   5   25   13   6   28   11   24   10   26   8   9   16   3   14 
5.34617    1   18   31   12   15   34   20   23   4   7   30   32   22   21   2   33   17   19   29   27   5   25   13   6   28   11   24   10   26   8   9   16   3   14 
5.34617    1   18   31   12   15   34   20   23   4   7   30   32   22   21   2   33   17   19   29   27   5   25   13   6   28   11   24   10   26   8   9   16   3   14 
5.34617    1   18   31   12   15   34   20   23   4   7   30   32   22   21   2   33   17   19   29   27   5   25   13   6   28   11   24   10   26   8   9   16   3   14 
5.34617    1   18   31   12   15   34   20   23   4   7   30   32   22   21   2   33   17   19   29   27   5   25   13   6   28   11   24   10   26   8   9   16   3   14 
5.34617    1   18   31   12   15   34   20   23   4   7   30   32   22   21   2   33   17   19   29   27   5   25   13   6   28   11   24   10   26   8   9   16   3   14 
5.34617    1   18   31   12   15   34   20   23   4   7   30   32   22   21   2   33   17   19   29   27   5   25   13   6   28   11   24   10   26   8   9   16   3   14 
5.34617    1   18   31   12   15   34   20   23   4   7   30   32   22   21   2   33   17   19   29   27   5   25   13   6   28   11   24   10   26   8   9   16   3   14 
5.34617    1   18   31   12   15   34   20   23   4   7   30   32   22   21   2   33   17   19   29   27   5   25   13   6   28   11   24   10   26   8   9   16   3   14 
5.34617    1   18   31   12   15   34   20   23   4   7   30   32   22   21   2   33   17   19   29   27   5   25   13   6   28   11   24   10   26   8   9   16   3   14 
5.34617    1   18   31   12   15   34   20   23   4   7   30   32   22   21   2   33   17   19   29   27   5   25   13   6   28   11   24   10   26   8   9   16   3   14 
5.34617    1   18   31   12   15   34   20   23   4   7   30   32   22   21   2   33   17   19   29   27   5   25   13   6   28   11   24   10   26   8   9   16   3   14 
5.34617    1   18   31   12   15   34   20   23   4   7   30   32   22   21   2   33   17   19   29   27   5   25   13   6   28   11   24   10   26   8   9   16   3   14 
5.34617    1   18   31   12   15   34   20   23   4   7   30   32   22   21   2   33   17   19   29   27   5   25   13   6   28   11   24   10   26   8   9   16   3   14 
5.34617    1   18   31   12   15   34   20   23   4   7   30   32   22   21   2   33   17   19   29   27   5   25   13   6   28   11   24   10   26   8   9   16   3   14 
5.34617    1   18   31   12   15   34   20   23   4   7   30   32   22   21   2   33   17   19   29   27   5   25   13   6   28   11   24   10   26   8   9   16   3   14 
5.34617    1   18   31   12   15   34   20   23   4   7   30   32   22   21   2   33   17   19   29   27   5   25   13   6   28   11   24   10   26   8   9   16   3   14 
5.34617    1   18   31   12   15   34   20   23   4   7   30   32   22   21   2   33   17   19   29   27   5   25   13   6   28   11   24   10   26   8   9   16   3   14 
5.34617    1   18   31   12   15   34   20   23   4   7   30   32   22   21   2   33   17   19   29   27   5   25   13   6   28   11   24   10   26   8   9   16   3   14 
5.34617    1   18   31   12   15   34   20   23   4   7   30   32   22   21   2   33   17   19   29   27   5   25   13   6   28   11   24   10   26   8   9   16   3   14 
5.34617    1   18   31   12   15   34   20   23   4   7   30   32   22   21   2   33   17   19   29   27   5   25   13   6   28   11   24   10   26   8   9   16   3   14 
5.34617    1   18   31   12   15   34   20   23   4   7   30   32   22   21   2   33   17   19   29   27   5   25   13   6   28   11   24   10   26   8   9   16   3   14 
5.34617    1   18   31   12   15   34   20   23   4   7   30   32   22   21   2   33   17   19   29   27   5   25   13   6   28   11   24   10   26   8   9   16   3   14 
5.29306    1   18   31   12   15   34   20   23   4   7   30   32   22   21   2   33   19   29   27   5   25   17   13   6   28   11   24   10   26   8   9   16   3   14 
5.34617    1   18   31   12   15   34   20   23   4   7   30   32   22   21   2   33   17   19   29   27   5   25   13   6   28   11   24   10   26   8   9   16   3   14 
5.34617    1   18   31   12   15   34   20   23   4   7   30   32   22   21   2   33   17   19   29   27   5   25   13   6   28   11   24   10   26   8   9   16   3   14 
5.34617    1   18   31   12   15   34   20   23   4   7   30   32   22   21   2   33   17   19   29   27   5   25   13   6   28   11   24   10   26   8   9   16   3   14 
5.34617    1   18   31   12   15   34   20   23   4   7   30   32   22   21   2   33   17   19   29   27   5   25   13   6   28   11   24   10   26   8   9   16   3   14 
5.34617    1   18   31   12   15   34   20   23   4   7   30   32   22   21   2   33   17   19   29   27   5   25   13   6   28   11   24   10   26   8   9   16   3   14 
5.34617    1   18   31   12   15   34   20   23   4   7   30   32   22   21   2   33   17   19   29   27   5   25   13   6   28   11   24   10   26   8   9   16   3   14 
5.34617    1   18   31   12   15   34   20   23   4   7   30   32   22   21   2   33   17   19   29   27   5   25   13   6   28   11   24   10   26   8   9   16   3   14 
5.34617    1   18   31   12   15   34   20   23   4   7   30   32   22   21   2   33   17   19   29   27   5   25   13   6   28   11   24   10   26   8   9   16   3   14 
5.34617    1   18   31   12   15   34   20   23   4   7   30   32   22   21   2   33   17   19   29   27   5   25   13   6   28   11   24   10   26   8   9   16   3   14 
5.34617    1   18   31   12   15   34   20   23   4   7   30   32   22   21   2   33   17   19   29   27   5   25   13   6   28   11   24   10   26   8   9   16   3   14 
5.34617    1   18   31   12   15   34   20   23   4   7   30   32   22   21   2   33   17   19   29   27   5   25   13   6   28   11   24   10   26   8   9   16   3   14 
5.34617    1   18   31   12   15   34   20   23   4   7   30   32   22   21   2   33   17   19   29   27   5   25   13   6   28   11   24   10   26   8   9   16   3   14 
5.34617    1   18   31   12   15   34   20   23   4   7   30   32   22   21   2   33   17   19   29   27   5   25   13   6   28   11   24   10   26   8   9   16   3   14 
5.34617    1   18   31   12   15   34   20   23   4   7   30   32   22   21   2   33   17   19   29   27   5   25   13   6   28   11   24   10   26   8   9   16   3   14 
5.34617    1   18   31   12   15   34   20   23   4   7   30   32   22   21   2   33   17   19   29   27   5   25   13   6   28   11   24   10   26   8   9   16   3   14 
5.34617    1   18   31   12   15   34   20   23   4   7   30   32   22   21   2   33   17   19   29   27   5   25   13   6   28   11   24   10   26   8   9   16   3   14 
5.34617    1   18   31   12   15   34   20   23   4   7   30   32   22   21   2   33   17   19   29   27   5   25   13   6   28   11   24   10   26   8   9   16   3   14 
5.34617    1   18   31   12   15   34   20   23   4   7   30   32   22   21   2   33   17   19   29   27   5   25   13   6   28   11   24   10   26   8   9   16   3   14 
5.34617    1   18   31   12   15   34   20   23   4   7   30   32   22   21   2   33   17   19   29   27   5   25   13   6   28   11   24   10   26   8   9   16   3   14 
5.34617    1   18   31   12   15   34   20   23   4   7   30   32   22   21   2   33   17   19   29   27   5   25   13   6   28   11   24   10   26   8   9   16   3   14 
5.34617    1   18   31   12   15   34   20   23   4   7   30   32   22   21   2   33   17   19   29   27   5   25   13   6   28   11   24   10   26   8   9   16   3   14 
5.34617    1   18   31   12   15   34   20   23   4   7   30   32   22   21   2   33   17   19   29   27   5   25   13   6   28   11   24   10   26   8   9   16   3   14 
5.34617    1   18   31   12   15   34   20   23   4   7   30   32   22   21   2   33   17   19   29   27   5   25   13   6   28   11   24   10   26   8   9   16   3   14 
5.34617    1   18   31   12   15   34   20   23   4   7   30   32   22   21   2   33   17   19   29   27   5   25   13   6   28   11   24   10   26   8   9   16   3   14 
5.34617    1   18   31   12   15   34   20   23   4   7   30   32   22   21   2   33   17   19   29   27   5   25   13   6   28   11   24   10   26   8   9   16   3   14 
5.34617    1   18   31   12   15   34   20   23   4   7   30   32   22   21   2   33   17   19   29   27   5   25   13   6   28   11   24   10   26   8   9   16   3   14 
5.34617    1   18   31   12   15   34   20   23   4   7   30   32   22   21   2   33   17   19   29   27   5   25   13   6   28   11   24   10   26   8   9   16   3   14 
5.34617    1   18   31   12   15   34   20   23   4   7   30   32   22   21   2   33   17   19   29   27   5   25   13   6   28   11   24   10   26   8   9   16   3   14 
5.34617    1   18   31   12   15   34   20   23   4   7   30   32   22   21   2   33   17   19   29   27   5   25   13   6   28   11   24   10   26   8   9   16   3   14 
5.34617    1   18   31   12   15   34   20   23   4   7   30   32   22   21   2   33   17   19   29   27   5   25   13   6   28   11   24   10   26   8   9   16   3   14 
5.34617    1   18   31   12   15   34   20   23   4   7   30   32   22   21   2   33   17   19   29   27   5   25   13   6   28   11   24   10   26   8   9   16   3   14 
5.34617    1   18   31   12   15   34   20   23   4   7   30   32   22   21   2   33   17   19   29   27   5   25   13   6   28   11   24   10   26   8   9   16   3   14 
5.34617    1   18   31   12   15   34   20   23   4   7   30   32   22   21   2   33   17   19   29   27   5   25   13   6   28   11   24   10   26   8   9   16   3   14 
5.34617    1   18   31   12   15   34   20   23   4   7   30   32   22   21   2   33   17   19   29   27   5   25   13   6   28   11   24   10   26   8   9   16   3   14 
5.34617    1   18   31   12   15   34   20   23   4   7   30   32   22   21   2   33   17   19   29   27   5   25   13   6   28   11   24   10   26   8   9   16   3   14 
5.34617    1   18   31   12   15   34   20   23   4   7   30   32   22   21   2   33   17   19   29   27   5   25   13   6   28   11   24   10   26   8   9   16   3   14 
5.34617    1   18   31   12   15   34   20   23   4   7   30   32   22   21   2   33   17   19   29   27   5   25   13   6   28   11   24   10   26   8   9   16   3   14 
5.34617    1   18   31   12   15   34   20   23   4   7   30   32   22   21   2   33   17   19   29   27   5   25   13   6   28   11   24   10   26   8   9   16   3   14 
5.34617    1   18   31   12   15   34   20   23   4   7   30   32   22   21   2   33   17   19   29   27   5   25   13   6   28   11   24   10   26   8   9   16   3   14 
5.34617    1   18   31   12   15   34   20   23   4   7   30   32   22   21   2   33   17   19   29   27   5   25   13   6   28   11   24   10   26   8   9   16   3   14 
5.34617    1   18   31   12   15   34   20   23   4   7   30   32   22   21   2   33   17   19   29   27   5   25   13   6   28   11   24   10   26   8   9   16   3   14 
5.34617    1   18   31   12   15   34   20   23   4   7   30   32   22   21   2   33   17   19   29   27   5   25   13   6   28   11   24   10   26   8   9   16   3   14 
5.34617    1   18   31   12   15   34   20   23   4   7   30   32   22   21   2   33   17   19   29   27   5   25   13   6   28   11   24   10   26   8   9   16   3   14 
5.34617    1   18   31   12   15   34   20   23   4   7   30   32   22   21   2   33   17   19   29   27   5   25   13   6   28   11   24   10   26   8   9   16   3   14 
5.34617    1   18   31   12   15   34   20   23   4   7   30   32   22   21   2   33   17   19   29   27   5   25   13   6   28   11   24   10   26   8   9   16   3   14 
5.34617    1   18   31   12   15   34   20   23   4   7   30   32   22   21   2   33   17   19   29   27   5   25   13   6   28   11   24   10   26   8   9   16   3   14 
5.34617    1   18   31   12   15   34   20   23   4   7   30   32   22   21   2   33   17   19   29   27   5   25   13   6   28   11   24   10   26   8   9   16   3   14 
5.34617    1   18   31   12   15   34   20   23   4   7   30   32   22   21   2   33   17   19   29   27   5   25   13   6   28   11   24   10   26   8   9   16   3   14 
5.34617    1   18   31   12   15   34   20   23   4   7   30   32   22   21   2   33   17   19   29   27   5   25   13   6   28   11   24   10   26   8   9   16   3   14 
5.34617    1   18   31   12   15   34   20   23   4   7   30   32   22   21   2   33   17   19   29   27   5   25   13   6   28   11   24   10   26   8   9   16   3   14 
5.34617    1   18   31   12   15   34   20   23   4   7   30   32   22   21   2   33   17   19   29   27   5   25   13   6   28   11   24   10   26   8   9   16   3   14 
5.34617    1   18   31   12   15   34   20   23   4   7   30   32   22   21   2   33   17   19   29   27   5   25   13   6   28   11   24   10   26   8   9   16   3   14 
5.34617    1   18   31   12   15   34   20   23   4   7   30   32   22   21   2   33   17   19   29   27   5   25   13   6   28   11   24   10   26   8   9   16   3   14 
5.34617    1   18   31   12   15   34   20   23   4   7   30   32   22   21   2   33   17   19   29   27   5   25   13   6   28   11   24   10   26   8   9   16   3   14 
5.34617    1   18   31   12   15   34   20   23   4   7   30   32   22   21   2   33   17   19   29   27   5   25   13   6   28   11   24   10   26   8   9   16   3   14 
5.34617    1   18   31   12   15   34   20   23   4   7   30   32   22   21   2   33   17   19   29   27   5   25   13   6   28   11   24   10   26   8   9   16   3   14 
5.34617    1   18   31   12   15   34   20   23   4   7   30   32   22   21   2   33   17   19   29   27   5   25   13   6   28   11   24   10   26   8   9   16   3   14 
5.34617    1   18   31   12   15   34   20   23   4   7   30   32   22   21   2   33   17   19   29   27   5   25   13   6   28   11   24   10   26   8   9   16   3   14 
5.34617    1   18   31   12   15   34   20   23   4   7   30   32   22   21   2   33   17   19   29   27   5   25   13   6   28   11   24   10   26   8   9   16   3   14 
5.34617    1   18   31   12   15   34   20   23   4   7   30   32   22   21   2   33   17   19   29   27   5   25   13   6   28   11   24   10   26   8   9   16   3   14 
5.34617    1   18   31   12   15   34   20   23   4   7   30   32   22   21   2   33   17   19   29   27   5   25   13   6   28   11   24   10   26   8   9   16   3   14 
5.34617    1   18   31   12   15   34   20   23   4   7   30   32   22   21   2   33   17   19   29   27   5   25   13   6   28   11   24   10   26   8   9   16   3   14 
5.34617    1   18   31   12   15   34   20   23   4   7   30   32   22   21   2   33   17   19   29   27   5   25   13   6   28   11   24   10   26   8   9   16   3   14 
5.34617    1   18   31   12   15   34   20   23   4   7   30   32   22   21   2   33   17   19   29   27   5   25   13   6   28   11   24   10   26   8   9   16   3   14 
5.34617    1   18   31   12   15   34   20   23   4   7   30   32   22   21   2   33   17   19   29   27   5   25   13   6   28   11   24   10   26   8   9   16   3   14 
5.34617    1   18   31   12   15   34   20   23   4   7   30   32   22   21   2   33   17   19   29   27   5   25   13   6   28   11   24   10   26   8   9   16   3   14 
5.34617    1   18   31   12   15   34   20   23   4   7   30   32   22   21   2   33   17   19   29   27   5   25   13   6   28   11   24   10   26   8   9   16   3   14 
5.34617    1   18   31   12   15   34   20   23   4   7   30   32   22   21   2   33   17   19   29   27   5   25   13   6   28   11   24   10   26   8   9   16   3   14 
5.34617    1   18   31   12   15   34   20   23   4   7   30   32   22   21   2   33   17   19   29   27   5   25   13   6   28   11   24   10   26   8   9   16   3   14 
5.34617    1   18   31   12   15   34   20   23   4   7   30   32   22   21   2   33   17   19   29   27   5   25   13   6   28   11   24   10   26   8   9   16   3   14 
5.34617    1   18   31   12   15   34   20   23   4   7   30   32   22   21   2   33   17   19   29   27   5   25   13   6   28   11   24   10   26   8   9   16   3   14 
5.34617    1   18   31   12   15   34   20   23   4   7   30   32   22   21   2   33   17   19   29   27   5   25   13   6   28   11   24   10   26   8   9   16   3   14 
5.34617    1   18   31   12   15   34   20   23   4   7   30   32   22   21   2   33   17   19   29   27   5   25   13   6   28   11   24   10   26   8   9   16   3   14 
5.34617    1   18   31   12   15   34   20   23   4   7   30   32   22   21   2   33   17   19   29   27   5   25   13   6   28   11   24   10   26   8   9   16   3   14 
5.34617    1   18   31   12   15   34   20   23   4   7   30   32   22   21   2   33   17   19   29   27   5   25   13   6   28   11   24   10   26   8   9   16   3   14 
5.34617    1   18   31   12   15   34   20   23   4   7   30   32   22   21   2   33   17   19   29   27   5   25   13   6   28   11   24   10   26   8   9   16   3   14 
5.34617    1   18   31   12   15   34   20   23   4   7   30   32   22   21   2   33   17   19   29   27   5   25   13   6   28   11   24   10   26   8   9   16   3   14 
5.34617    1   18   31   12   15   34   20   23   4   7   30   32   22   21   2   33   17   19   29   27   5   25   13   6   28   11   24   10   26   8   9   16   3   14 
5.34617    1   18   31   12   15   34   20   23   4   7   30   32   22   21   2   33   17   19   29   27   5   25   13   6   28   11   24   10   26   8   9   16   3   14 
5.34617    1   18   31   12   15   34   20   23   4   7   30   32   22   21   2   33   17   19   29   27   5   25   13   6   28   11   24   10   26   8   9   16   3   14 
5.34617    1   18   31   12   15   34   20   23   4   7   30   32   22   21   2   33   17   19   29   27   5   25   13   6   28   11   24   10   26   8   9   16   3   14 
5.34617    1   18   31   12   15   34   20   23   4   7   30   32   22   21   2   33   17   19   29   27   5   25   13   6   28   11   24   10   26   8   9   16   3   14 
5.34617    1   18   31   12   15   34   20   23   4   7   30   32   22   21   2   33   17   19   29   27   5   25   13   6   28   11   24   10   26   8   9   16   3   14 
5.34617    1   18   31   12   15   34   20   23   4   7   30   32   22   21   2   33   17   19   29   27   5   25   13   6   28   11   24   10   26   8   9   16   3   14 
5.34617    1   18   31   12   15   34   20   23   4   7   30   32   22   21   2   33   17   19   29   27   5   25   13   6   28   11   24   10   26   8   9   16   3   14 
5.34617    1   18   31   12   15   34   20   23   4   7   30   32   22   21   2   33   17   19   29   27   5   25   13   6   28   11   24   10   26   8   9   16   3   14 
5.34617    1   18   31   12   15   34   20   23   4   7   30   32   22   21   2   33   17   19   29   27   5   25   13   6   28   11   24   10   26   8   9   16   3   14 
5.34617    1   18   31   12   15   34   20   23   4   7   30   32   22   21   2   33   17   19   29   27   5   25   13   6   28   11   24   10   26   8   9   16   3   14 
5.34617    1   18   31   12   15   34   20   23   4   7   30   32   22   21   2   33   17   19   29   27   5   25   13   6   28   11   24   10   26   8   9   16   3   14 
5.34617    1   18   31   12   15   34   20   23   4   7   30   32   22   21   2   33   17   19   29   27   5   25   13   6   28   11   24   10   26   8   9   16   3   14 
5.34617    1   18   31   12   15   34   20   23   4   7   30   32   22   21   2   33   17   19   29   27   5   25   13   6   28   11   24   10   26   8   9   16   3   14 
5.34617    1   18   31   12   15   34   20   23   4   7   30   32   22   21   2   33   17   19   29   27   5   25   13   6   28   11   24   10   26   8   9   16   3   14 
5.34617    1   18   31   12   15   34   20   23   4   7   30   32   22   21   2   33   17   19   29   27   5   25   13   6   28   11   24   10   26   8   9   16   3   14 
5.34617    1   18   31   12   15   34   20   23   4   7   30   32   22   21   2   33   17   19   29   27   5   25   13   6   28   11   24   10   26   8   9   16   3   14 
5.34617    1   18   31   12   15   34   20   23   4   7   30   32   22   21   2   33   17   19   29   27   5   25   13   6   28   11   24   10   26   8   9   16   3   14 
5.34617    1   18   31   12   15   34   20   23   4   7   30   32   22   21   2   33   17   19   29   27   5   25   13   6   28   11   24   10   26   8   9   16   3   14 
5.34617    1   18   31   12   15   34   20   23   4   7   30   32   22   21   2   33   17   19   29   27   5   25   13   6   28   11   24   10   26   8   9   16   3   14 
5.34617    1   18   31   12   15   34   20   23   4   7   30   32   22   21   2   33   17   19   29   27   5   25   13   6   28   11   24   10   26   8   9   16   3   14 
5.34617    1   18   31   12   15   34   20   23   4   7   30   32   22   21   2   33   17   19   29   27   5   25   13   6   28   11   24   10   26   8   9   16   3   14 
5.34617    1   18   31   12   15   34   20   23   4   7   30   32   22   21   2   33   17   19   29   27   5   25   13   6   28   11   24   10   26   8   9   16   3   14 
5.34617    1   18   31   12   15   34   20   23   4   7   30   32   22   21   2   33   17   19   29   27   5   25   13   6   28   11   24   10   26   8   9   16   3   14 
5.34617    1   18   31   12   15   34   20   23   4   7   30   32   22   21   2   33   17   19   29   27   5   25   13   6   28   11   24   10   26   8   9   16   3   14 
5.34617    1   18   31   12   15   34   20   23   4   7   30   32   22   21   2   33   17   19   29   27   5   25   13   6   28   11   24   10   26   8   9   16   3   14 
5.34617    1   18   31   12   15   34   20   23   4   7   30   32   22   21   2   33   17   19   29   27   5   25   13   6   28   11   24   10   26   8   9   16   3   14 
5.34617    1   18   31   12   15   34   20   23   4   7   30   32   22   21   2   33   17   19   29   27   5   25   13   6   28   11   24   10   26   8   9   16   3   14 
5.34617    1   18   31   12   15   34   20   23   4   7   30   32   22   21   2   33   17   19   29   27   5   25   13   6   28   11   24   10   26   8   9   16   3   14 
5.34617    1   18   31   12   15   34   20   23   4   7   30   32   22   21   2   33   17   19   29   27   5   25   13   6   28   11   24   10   26   8   9   16   3   14 
5.34617    1   18   31   12   15   34   20   23   4   7   30   32   22   21   2   33   17   19   29   27   5   25   13   6   28   11   24   10   26   8   9   16   3   14 
5.34617    1   18   31   12   15   34   20   23   4   7   30   32   22   21   2   33   17   19   29   27   5   25   13   6   28   11   24   10   26   8   9   16   3   14 
5.34617    1   18   31   12   15   34   20   23   4   7   30   32   22   21   2   33   17   19   29   27   5   25   13   6   28   11   24   10   26   8   9   16   3   14 
5.34617    1   18   31   12   15   34   20   23   4   7   30   32   22   21   2   33   17   19   29   27   5   25   13   6   28   11   24   10   26   8   9   16   3   14 
5.34617    1   18   31   12   15   34   20   23   4   7   30   32   22   21   2   33   17   19   29   27   5   25   13   6   28   11   24   10   26   8   9   16   3   14 
5.34617    1   18   31   12   15   34   20   23   4   7   30   32   22   21   2   33   17   19   29   27   5   25   13   6   28   11   24   10   26   8   9   16   3   14 
5.34617    1   18   31   12   15   34   20   23   4   7   30   32   22   21   2   33   17   19   29   27   5   25   13   6   28   11   24   10   26   8   9   16   3   14 
5.34617    1   18   31   12   15   34   20   23   4   7   30   32   22   21   2   33   17   19   29   27   5   25   13   6   28   11   24   10   26   8   9   16   3   14 
5.34617    1   18   31   12   15   34   20   23   4   7   30   32   22   21   2   33   17   19   29   27   5   25   13   6   28   11   24   10   26   8   9   16   3   14 
5.34617    1   18   31   12   15   34   20   23   4   7   30   32   22   21   2   33   17   19   29   27   5   25   13   6   28   11   24   10   26   8   9   16   3   14 
5.34617    1   18   31   12   15   34   20   23   4   7   30   32   22   21   2   33   17   19   29   27   5   25   13   6   28   11   24   10   26   8   9   16   3   14 
5.34617    1   18   31   12   15   34   20   23   4   7   30   32   22   21   2   33   17   19   29   27   5   25   13   6   28   11   24   10   26   8   9   16   3   14 
5.34617    1   18   31   12   15   34   20   23   4   7   30   32   22   21   2   33   17   19   29   27   5   25   13   6   28   11   24   10   26   8   9   16   3   14 
5.34617    1   18   31   12   15   34   20   23   4   7   30   32   22   21   2   33   17   19   29   27   5   25   13   6   28   11   24   10   26   8   9   16   3   14 
5.34617    1   18   31   12   15   34   20   23   4   7   30   32   22   21   2   33   17   19   29   27   5   25   13   6   28   11   24   10   26   8   9   16   3   14 
5.34617    1   18   31   12   15   34   20   23   4   7   30   32   22   21   2   33   17   19   29   27   5   25   13   6   28   11   24   10   26   8   9   16   3   14 
5.34617    1   18   31   12   15   34   20   23   4   7   30   32   22   21   2   33   17   19   29   27   5   25   13   6   28   11   24   10   26   8   9   16   3   14 
5.34617    1   18   31   12   15   34   20   23   4   7   30   32   22   21   2   33   17   19   29   27   5   25   13   6   28   11   24   10   26   8   9   16   3   14 
5.34617    1   18   31   12   15   34   20   23   4   7   30   32   22   21   2   33   17   19   29   27   5   25   13   6   28   11   24   10   26   8   9   16   3   14 
5.34617    1   18   31   12   15   34   20   23   4   7   30   32   22   21   2   33   17   19   29   27   5   25   13   6   28   11   24   10   26   8   9   16   3   14 
5.34617    1   18   31   12   15   34   20   23   4   7   30   32   22   21   2   33   17   19   29   27   5   25   13   6   28   11   24   10   26   8   9   16   3   14 
5.34617    1   18   31   12   15   34   20   23   4   7   30   32   22   21   2   33   17   19   29   27   5   25   13   6   28   11   24   10   26   8   9   16   3   14 
5.34617    1   18   31   12   15   34   20   23   4   7   30   32   22   21   2   33   17   19   29   27   5   25   13   6   28   11   24   10   26   8   9   16   3   14 
5.34617    1   18   31   12   15   34   20   23   4   7   30   32   22   21   2   33   17   19   29   27   5   25   13   6   28   11   24   10   26   8   9   16   3   14 
5.34617    1   18   31   12   15   34   20   23   4   7   30   32   22   21   2   33   17   19   29   27   5   25   13   6   28   11   24   10   26   8   9   16   3   14 
5.34617    1   18   31   12   15   34   20   23   4   7   30   32   22   21   2   33   17   19   29   27   5   25   13   6   28   11   24   10   26   8   9   16   3   14 
5.34617    1   18   31   12   15   34   20   23   4   7   30   32   22   21   2   33   17   19   29   27   5   25   13   6   28   11   24   10   26   8   9   16   3   14 
5.34617    1   18   31   12   15   34   20   23   4   7   30   32   22   21   2   33   17   19   29   27   5   25   13   6   28   11   24   10   26   8   9   16   3   14 
5.34617    1   18   31   12   15   34   20   23   4   7   30   32   22   21   2   33   17   19   29   27   5   25   13   6   28   11   24   10   26   8   9   16   3   14 
5.34617    1   18   31   12   15   34   20   23   4   7   30   32   22   21   2   33   17   19   29   27   5   25   13   6   28   11   24   10   26   8   9   16   3   14 
5.34617    1   18   31   12   15   34   20   23   4   7   30   32   22   21   2   33   17   19   29   27   5   25   13   6   28   11   24   10   26   8   9   16   3   14 
5.34617    1   18   31   12   15   34   20   23   4   7   30   32   22   21   2   33   17   19   29   27   5   25   13   6   28   11   24   10   26   8   9   16   3   14 
5.34617    1   18   31   12   15   34   20   23   4   7   30   32   22   21   2   33   17   19   29   27   5   25   13   6   28   11   24   10   26   8   9   16   3   14 
5.34617    1   18   31   12   15   34   20   23   4   7   30   32   22   21   2   33   17   19   29   27   5   25   13   6   28   11   24   10   26   8   9   16   3   14 
5.34617    1   18   31   12   15   34   20   23   4   7   30   32   22   21   2   33   17   19   29   27   5   25   13   6   28   11   24   10   26   8   9   16   3   14 
5.34617    1   18   31   12   15   34   20   23   4   7   30   32   22   21   2   33   17   19   29   27   5   25   13   6   28   11   24   10   26   8   9   16   3   14 
5.34617    1   18   31   12   15   34   20   23   4   7   30   32   22   21   2   33   17   19   29   27   5   25   13   6   28   11   24   10   26   8   9   16   3   14 
5.34617    1   18   31   12   15   34   20   23   4   7   30   32   22   21   2   33   17   19   29   27   5   25   13   6   28   11   24   10   26   8   9   16   3   14 
5.34617    1   18   31   12   15   34   20   23   4   7   30   32   22   21   2   33   17   19   29   27   5   25   13   6   28   11   24   10   26   8   9   16   3   14 
5.34617    1   18   31   12   15   34   20   23   4   7   30   32   22   21   2   33   17   19   29   27   5   25   13   6   28   11   24   10   26   8   9   16   3   14 
5.34617    1   18   31   12   15   34   20   23   4   7   30   32   22   21   2   33   17   19   29   27   5   25   13   6   28   11   24   10   26   8   9   16   3   14 
5.34617    1   18   31   12   15   34   20   23   4   7   30   32   22   21   2   33   17   19   29   27   5   25   13   6   28   11   24   10   26   8   9   16   3   14 
5.34617    1   18   31   12   15   34   20   23   4   7   30   32   22   21   2   33   17   19   29   27   5   25   13   6   28   11   24   10   26   8   9   16   3   14 
5.34617    1   18   31   12   15   34   20   23   4   7   30   32   22   21   2   33   17   19   29   27   5   25   13   6   28   11   24   10   26   8   9   16   3   14 
5.34617    1   18   31   12   15   34   20   23   4   7   30   32   22   21   2   33   17   19   29   27   5   25   13   6   28   11   24   10   26   8   9   16   3   14 
5.34617    1   18   31   12   15   34   20   23   4   7   30   32   22   21   2   33   17   19   29   27   5   25   13   6   28   11   24   10   26   8   9   16   3   14 
5.34617    1   18   31   12   15   34   20   23   4   7   30   32   22   21   2   33   17   19   29   27   5   25   13   6   28   11   24   10   26   8   9   16   3   14 
