0 979.143
1 929.939
2 885.957
3 847.003
4 811.625
5 778.185
6 746.24
7 722.413
8 700.212
9 679.098
10 659.239
11 636.6
12 622.579
13 612.979
14 603.337
15 591.769
16 579.782
17 565.781
18 555.208
19 555.155
20 542.343
21 529.193
22 522.321
23 512.73
24 506.291
25 498.587
26 492.343
27 483.717
28 479.118
29 474.085
30 466.292
31 463.92
32 457.923
33 449.091
34 445.627
35 438.938
36 427.96
37 426.321
38 417.845
39 408.439
40 404.514
41 401.902
42 395.637
43 393.782
44 393.991
45 393.26
46 393.859
47 390.703
48 389.468
49 386.495
50 386.147
51 378.381
52 379.312
53 378.856
54 373.927
55 372.785
56 371.581
57 368.587
58 370.296
59 370.234
60 365.331
61 363.274
62 362.208
63 363.825
64 364.367
65 364.003
66 358.531
67 352.221
68 348.939
69 348.908
70 351.178
71 349.213
72 348.24
73 348.506
74 344.67
75 343.261
76 346.475
77 343.342
78 342.167
79 343.378
80 340.842
81 339.185
82 338.931
83 336.099
84 336.369
85 341.265
86 339.289
87 336.198
88 337.331
89 340.565
90 340.825
91 336.433
92 331.573
93 332.885
94 332.387
95 336.393
96 338.108
97 330.898
98 329.681
99 331.523
100 329.47
101 331.057
102 332.771
103 334.575
104 337.535
105 334.279
106 330.065
107 328.395
108 329.397
109 331.266
110 331.389
111 331.289
112 332.237
113 330.055
114 330.114
115 329.784
116 332.036
117 331.033
118 335.941
119 328.219
120 330.441
121 324.43
122 323.673
123 324.515
124 324.42
125 324.318
126 325.913
127 326.963
128 326.285
129 325.12
130 324.653
131 322.575
132 322.885
133 320.168
134 320.279
135 320.915
136 320.471
137 323.019
138 320.869
139 320.809
140 321.77
141 316.869
142 317.247
143 318.081
144 318.455
145 316.7
146 315.286
147 315.305
148 311.751
149 315.971
150 317.737
151 317.349
152 315.214
153 317.017
154 315.857
155 315.631
156 313.963
157 314.343
158 313.541
159 315.913
160 316.569
161 314.534
162 314.571
163 318.76
164 321.209
165 320.862
166 322.51
167 317.511
168 315.399
169 316.333
170 315.876
171 317.555
172 315.931
173 317.726
174 316.24
175 316.183
176 316.46
177 314.903
178 313.553
179 315.227
180 311.797
181 313.459
182 312.807
183 316.127
184 315.128
185 317.749
186 317.945
187 315.699
188 318.898
189 318.834
190 317.638
191 316.88
192 318.818
193 314.573
194 312.531
195 313.077
196 316.545
197 314.928
198 316.693
199 312.577
200 314.139
201 314.617
202 313.377
203 315.1
204 314.247
205 319.422
206 316.173
207 313.748
208 315.644
209 315.587
210 313.572
211 314.094
212 314.423
213 314.898
214 315.469
215 315.849
216 316.457
217 315.998
218 313.915
219 313.517
220 316.206
221 316.119
222 317.51
223 314.449
224 315.454
225 314.39
226 315.427
227 316.176
228 313.025
229 312.671
230 311.186
231 312.177
232 311.265
233 312.403
234 312.307
235 316.243
236 315.189
237 311.965
238 313.021
239 309.737
240 312.043
241 314.541
242 314.911
243 313.199
244 314.98
245 314.763
246 314.774
247 311.965
248 309.912
249 313.185
250 315.383
251 313.886
252 310.414
253 313.333
254 315.869
255 312.259
256 311.91
257 313.389
258 315.321
259 314.104
260 315.399
261 315.449
262 314.162
263 314.183
264 313.497
265 314.193
266 312.559
267 312.541
268 310.343
269 313.287
270 314.579
271 316.334
272 315.193
273 318.058
274 317.407
275 316.825
276 315.067
277 316.087
278 314.167
279 314.113
280 316.197
281 313.433
282 308.894
283 310.639
284 312.207
285 310.448
286 311.511
287 319.405
288 318.073
289 316.851
290 318.517
291 322.049
292 314.883
293 314.729
294 314.333
295 311.991
296 313.906
297 314.443
298 315.327
299 312.845
300 313.627
301 313.203
302 316.629
303 313.578
304 312.027
305 314.319
306 316.125
307 313.37
308 310.449
309 311.831
310 311.821
311 312.075
312 312.43
313 314.369
314 312.88
315 314.125
316 313.598
317 310.697
318 311.965
319 310.619
320 314.525
321 314.731
322 315.117
323 319.303
324 315.099
325 309.967
326 312.171
327 312.901
328 318.838
329 318.778
330 313.89
331 313.507
332 314.561
333 314.685
334 311.697
335 310.374
336 307.78
337 311.367
338 309.361
339 309.014
340 310.483
341 310.687
342 307.899
343 309.101
344 310.695
345 309.033
346 308.433
347 310.46
348 307.017
349 306.967
350 311.545
351 314.693
352 309.312
353 312.238
354 311.423
355 309.222
356 307.889
357 308.178
358 309.234
359 309.185
360 313.64
361 312.047
362 307.82
363 310.041
364 309.547
365 308.567
366 310.481
367 307.893
368 315.043
369 314.981
370 313.715
371 313.539
372 311.738
373 313.741
374 312.431
375 310.357
376 311.38
377 308.586
378 309.452
379 310.537
380 310.2
381 311.718
382 313.63
383 315.507
384 314.398
385 313.721
386 313.618
387 311.368
388 313.557
389 314.859
390 313.335
391 315.121
392 317.758
393 316.078
394 314.627
395 311.273
396 310.419
397 309.961
398 310.655
399 305.481
400 305.311
401 304.21
402 306.91
403 307.907
404 308.232
405 303.545
406 305.713
407 306.369
408 305.524
409 305.524
410 305.868
411 306.666
412 306.28
413 306.231
414 306.743
415 307.557
416 303.966
417 305.771
418 304.421
419 309.448
420 314.229
421 314.874
422 312.659
423 309.337
424 306.333
425 308.189
426 308.341
427 306.779
428 304.809
429 306.726
430 306.692
431 309.133
432 311.883
433 309.041
434 308.094
435 309.413
436 309.435
437 313.526
438 308.043
439 307.993
440 306.89
441 306.532
442 305.489
443 304.522
444 304.862
445 303.695
446 303.309
447 306.579
448 306.004
449 305.958
450 305.838
451 306.002
452 305.14
453 305.889
454 305.773
455 308.458
456 309.705
457 307.256
458 313.319
459 307.031
460 306.987
461 310.15
462 311.685
463 308.541
464 311.427
465 310.083
466 310.572
467 312.502
468 312.122
469 312.067
470 312.838
471 315.358
472 313.447
473 310.695
474 307.733
475 307.451
476 308.897
477 310.358
478 306.735
479 306.689
480 305.989
481 304.671
482 306.988
483 308.812
484 310.133
485 307.955
486 305.263
487 304.73
488 305.026
489 304.926
490 306.389
491 308.897
492 306.679
493 308.234
494 310.774
495 306.913
496 306.259
497 311.363
498 309.103
499 309.05
