0 986.82
1 935.959
2 887.625
3 849.281
4 811.301
5 783.415
6 758.109
7 736.293
8 716.179
9 696.119
10 678.827
11 659.784
12 647.145
13 635.183
14 626.376
15 613.782
16 599.691
17 586.446
18 576.221
19 565.504
20 559.661
21 554.711
22 548.084
23 545.815
24 537.514
25 530.54
26 521.594
27 509.923
28 506.341
29 500.366
30 491.287
31 487.346
32 477.645
33 469.309
34 464.261
35 459.405
36 455.833
37 454.027
38 450.197
39 450.11
40 444.719
41 439.731
42 439.597
43 433.049
44 429.067
45 427.487
46 426.256
47 422.418
48 419.705
49 419.625
50 412.745
51 408.943
52 407.322
53 403.435
54 400.547
55 398.467
56 396.584
57 393.735
58 395.125
59 389.098
60 386.61
61 384.06
62 385.34
63 383.391
64 380.97
65 381.801
66 377.069
67 378.669
68 373.812
69 370.375
70 365.757
71 363.333
72 361.916
73 360.571
74 364.586
75 361.347
76 359.454
77 356.851
78 356.39
79 352.555
80 349.094
81 350.597
82 348.338
83 346.674
84 342.264
85 339.482
86 338.232
87 337.449
88 334.978
89 334.437
90 332.413
91 329.665
92 329.413
93 329.535
94 329.033
95 327.665
96 326.207
97 326.054
98 323.129
99 323.32
100 321.352
101 321.131
102 318.002
103 318.249
104 317.753
105 313.643
106 311.285
107 311.298
108 310.965
109 310.928
110 310.935
111 309.541
112 309.997
113 307.776
114 305.764
115 304.523
116 305.185
117 308.278
118 304.794
119 304.759
120 303.481
121 299.351
122 299.147
123 297.061
124 300.909
125 303.356
126 301.533
127 300.459
128 298.543
129 299.217
130 297.755
131 297.873
132 301.053
133 298.796
134 300.155
135 298.315
136 296.851
137 298.373
138 298.345
139 295.559
140 295.147
141 295.695
142 296.617
143 299.255
144 297.239
145 296.236
146 295.921
147 296.313
148 297.375
149 297.343
150 297.653
151 299.201
152 298.686
153 299.769
154 297.61
155 297.94
156 298.395
157 294.976
158 295.041
159 298.093
160 298.557
161 295.913
162 295.364
163 298.335
164 299.949
165 302.039
166 303.234
167 304.168
168 305.037
169 305.004
170 304.781
171 301.863
172 300.602
173 301.659
174 299.271
175 298.145
176 297.523
177 296.634
178 295.607
179 294.805
180 296.031
181 298.89
182 297.711
183 296.339
184 293.393
185 293.361
186 292.609
187 292.368
188 292.369
189 294.002
190 293.837
191 293.283
192 294.076
193 291.875
194 293.017
195 293.197
196 296.868
197 295.653
198 293.152
199 295.037
200 292.114
201 291.597
202 291.526
203 294.079
204 294.609
205 292.044
206 293.81
207 296.021
208 294.53
209 294.163
210 294.163
211 293.783
212 297.217
213 295.661
214 295.67
215 292.867
216 292.107
217 294.863
218 293.855
219 295.124
220 294.591
221 298.263
222 297.8
223 296.703
224 297.821
225 296.78
226 295.62
227 296.454
228 291.648
229 291.959
230 294.747
231 294.513
232 295.401
233 292.042
234 293.469
235 291.558
236 295.597
237 296.753
238 294.209
239 294.185
240 296.91
241 299.109
242 296.501
243 295.673
244 295.285
245 296.283
246 296.025
247 295.352
248 295.336
249 290.913
250 291.793
251 292.253
252 291.696
253 292.415
254 295.151
255 294.872
256 297.55
257 293.889
258 292.919
259 290.135
260 293.669
261 288.549
262 288.614
263 289.654
264 293.613
265 293.069
266 293.647
267 295.553
268 297.174
269 294.93
270 293.287
271 290.664
272 290.703
273 291.205
274 292.179
275 290.11
276 288.977
277 290.493
278 293.033
279 292.534
280 293.31
281 292.68
282 289.972
283 291.133
284 290.791
285 293.79
286 294.589
287 292.64
288 292.632
289 292.601
290 292.565
291 291.742
292 294.297
293 292.685
294 292.286
295 292.87
296 291.263
297 291.839
298 295.046
299 295.009
300 292.021
301 292.003
302 291.802
303 289.575
304 290.059
305 291.927
306 290.923
307 290.028
308 289.536
309 289.511
310 290.447
311 290.881
312 290.853
313 293.408
314 294.651
315 293.837
316 292.897
317 294.217
318 294.645
319 293.888
320 295.967
321 293.583
322 295.361
323 292.917
324 292.495
325 294.676
326 294.539
327 294.117
328 294.583
329 294.401
330 294.009
331 293.017
332 292.041
333 290.415
334 290.595
335 290.19
336 290.357
337 289.397
338 290.352
339 295.096
340 292.693
341 293.945
342 293.647
343 291.653
344 292.509
345 291.605
346 289.989
347 293.199
348 293.431
349 291.105
350 290.657
351 292.652
352 292.511
353 293.154
354 293.615
355 293.147
356 294.585
357 296.061
358 292.618
359 294.448
360 293.323
361 290.875
362 291.353
363 291.061
364 290.947
365 291.888
366 289.687
367 291.536
368 292.304
369 292.303
370 293.315
371 292.13
372 290.716
373 291.28
374 294.499
375 293.329
376 293.403
377 294.55
378 292.897
379 292.862
380 290.452
381 292.473
382 294.087
383 294.314
384 293.116
385 293.935
386 293.153
387 292.665
388 291.739
389 291.711
390 292.095
391 290.149
392 291.437
393 290.57
394 290.044
395 291.917
396 291.182
397 291.336
398 290.171
399 290.145
400 292.365
401 293.217
402 295.742
403 292.935
404 293.591
405 292.041
406 288.724
407 289.095
408 288.114
409 289.219
410 289.176
411 291.731
412 290.615
413 290.307
414 293.935
415 293.582
416 294.403
417 293.785
418 293.839
419 293.803
420 294.219
421 293.034
422 291.644
423 291.881
424 293.209
425 290.113
426 291.99
427 291.745
428 292.103
429 292.074
430 291.977
431 294.197
432 292.749
433 292.694
434 292.124
435 292.557
436 291.547
437 291.487
438 292.397
439 291.473
440 291.045
441 291.231
442 293.879
443 293.935
444 291.537
445 292.249
446 292.449
447 290.57
448 291.481
449 291.729
450 291.928
451 292.992
452 291.606
453 291.446
454 290.087
455 291.503
456 290.548
457 289.192
458 293.469
459 292.389
460 292.129
461 291.965
462 292.959
463 294.677
464 293.285
465 293.849
466 291.899
467 289.988
468 290.981
469 294.819
470 294.711
471 293.243
472 292.831
473 293.185
474 294.032
475 292.465
476 293.17
477 291.324
478 291.669
479 292.807
480 293.743
481 293.276
482 290.757
483 294.581
484 292.671
485 293.641
486 292.624
487 290.839
488 291.912
489 292.309
490 290.917
491 291.202
492 292.971
493 297.327
494 297.121
495 296.277
496 292.392
497 290.1
498 291.975
499 292.69
