           1    0.215585    0.215585           0
           2    0.212483    0.214034  0.00155116
           3    0.214901    0.214323 0.000941013
           4    0.212028    0.213749 0.000878665
           5    0.214391    0.213877  0.00069261
           6    0.213638    0.213837 0.000566925
           7    0.214116    0.213877 0.000480786
           8    0.214369    0.213939 0.000420891
           9    0.213333    0.213871 0.000377252
          10    0.213143    0.213799 0.000345198
          11    0.214807     0.21389 0.000325426
          12      0.2143    0.213924 0.000299026
          13    0.212754    0.213834 0.000289423
          14    0.213928    0.213841 0.000268038
          15    0.213185    0.213797 0.000253337
          16    0.212676    0.213727 0.000247125
          17    0.213016    0.213685 0.000235876
          18    0.215626    0.213793 0.000247135
          19    0.215219    0.213868 0.000245517
          20    0.214186    0.213884 0.000233459
