           1   -0.483737   -0.483737           0
           2   -0.482716   -0.483226 0.000510444
           3   -0.483318   -0.483257 0.000296288
           4   -0.483031     -0.4832 0.000216987
           5   -0.483251    -0.48321 0.000168376
           6   -0.484554   -0.483434 0.000262721
           7   -0.484241    -0.48355 0.000250181
           8   -0.483318   -0.483521 0.000218595
           9   -0.482578   -0.483416 0.000219408
          10   -0.483863   -0.483461 0.000201284
          11   -0.483763   -0.483488 0.000184131
          12   -0.483255   -0.483469 0.000169206
          13    -0.48352   -0.483473 0.000155697
          14    -0.48407   -0.483515 0.000150331
          15   -0.482719   -0.483462 0.000149687
          16   -0.483268    -0.48345 0.000140544
          17   -0.483999   -0.483482 0.000135916
          18   -0.483442    -0.48348 0.000128162
          19   -0.483049   -0.483457 0.000123335
          20   -0.484004   -0.483485 0.000120157
