           1     1.54621     1.54621           0
           2     1.49739      1.5218    0.024412
           3     1.53876     1.52746    0.015186
           4     1.53903     1.53035    0.011121
           5     1.55215     1.53471  0.00965547
           6     1.57111     1.54078  0.00994753
           7     1.52626      1.5387  0.00865917
           8     1.52315     1.53676  0.00774707
           9     1.52182      1.5351   0.0070309
          10      1.5253     1.53412  0.00636452
          11     1.54172     1.53481  0.00579828
          12     1.52316     1.53384  0.00538141
          13     1.53619     1.53402  0.00495349
          14     1.56663     1.53635  0.00514378
          15     1.51886     1.53518  0.00492856
          16     1.53268     1.53503  0.00461289
          17     1.53887     1.53525  0.00433894
          18     1.54017     1.53553  0.00409988
          19     1.51837     1.53462  0.00398187
          20     1.53693     1.53474   0.0037793
