           1   0.0321992   0.0321992           0
           2   0.0357548    0.033977   0.0017778
           3   0.0312648   0.0330729  0.00136779
           4     0.03155   0.0326922  0.00103942
           5   0.0275264    0.031659  0.00130983
           6   0.0324068   0.0317837  0.00107671
           7   0.0281044   0.0312581  0.00105087
           8   0.0263228   0.0306412  0.00109947
           9   0.0261288   0.0301398  0.00109159
          10   0.0285332   0.0299791 0.000989479
          11   0.0295848   0.0299433 0.000895735
          12   0.0265904   0.0296639  0.00086411
          13   0.0293916   0.0296429 0.000795141
          14    0.028822   0.0295843 0.000738489
          15   0.0244164   0.0292398 0.000768992
          16   0.0270396   0.0291023 0.000732352
          17    0.032612   0.0293087 0.000718237
          18   0.0318016   0.0294472 0.000691178
          19   0.0327712   0.0296221 0.000676791
          20   0.0261296   0.0294475 0.000665385
