1.31003
0.753262
0.576108
0.4854
0.423216
0.380521
0.34868
0.324888
0.306584
0.289703
0.27518
0.262868
0.251806
0.241768
0.233277
0.225923
0.218621
0.211957
0.205684
0.1998
0.194525
0.189649
0.185256
0.181374
0.177728
0.174291
0.171066
0.167983
0.165023
0.162069
0.159175
0.156639
0.154137
0.15158
0.149257
0.147186
0.145204
0.143199
0.141216
0.139333
0.137597
0.135919
0.134233
0.13259
0.13104
0.129528
0.128073
0.12671
0.125374
0.124075
0.122797
0.12158
0.120384
0.119168
0.118016
0.116961
0.115913
0.114826
0.11382
0.112786
0.111835
0.110977
0.110096
0.10926
0.108425
0.107648
0.106886
0.106104
0.105424
0.104756
0.104021
0.103301
0.102532
0.101773
0.101114
0.10043
0.0997671
0.0991782
0.0985746
0.0979997
0.0974537
0.0968549
0.0962427
0.0956189
0.0950126
0.0944439
0.0938556
0.0932742
0.092743
0.0921782
0.0915899
0.0910421
0.0905291
0.0900151
0.0895065
0.0890357
0.0885635
0.0880774
0.0876166
