0.456646
0.549323
0.422115
0.555964
0.494492
0.479229
0.510679
0.490414
0.557589
0.547491
0.48501
0.534923
0.503797
0.51278
0.481731
0.555651
0.514478
0.484501
0.509257
0.462306
0.484008
0.486928
0.484959
0.512356
0.530694
0.512104
0.53094
0.5162
0.523487
0.505871
0.482777
0.47766
0.548863
0.451411
0.485628
0.49416
0.542239
0.494671
0.502061
0.470992
0.508311
0.506052
0.505988
0.474018
0.49468
0.492725
0.487078
0.495203
0.513143
0.485962
0.510024
0.475333
0.523029
0.467855
0.483036
0.488321
0.530949
0.471785
0.479938
0.511448
0.441333
0.551037
0.500251
0.51593
0.52214
0.499915
0.561616
0.492184
0.530104
0.581747
0.518958
0.504167
0.519898
0.438149
0.504743
0.537156
0.461589
0.543925
0.534726
0.513359
0.56076
0.531974
0.483539
0.499713
0.455667
0.502583
0.494515
0.462267
0.485822
0.521479
0.428118
0.461501
0.476362
0.501018
0.463345
0.492972
0.512576
0.478882
0.476484
0.507658
