           1    -8.49202    -8.49202           0
           2    -8.35495    -8.42348   0.0484631
           3    -8.21006    -8.35234   0.0664671
           4    -8.13131    -8.29708    0.069103
           5    -8.11018     -8.2597   0.0646064
           6    -8.00754    -8.21767   0.0661097
           7    -7.94909    -8.17931   0.0668796
           8    -7.90471    -8.14498   0.0667491
           9    -7.85573    -8.11284   0.0666221
          10    -7.79484    -8.08104   0.0671218
          11    -7.80093    -8.05558   0.0656728
          12    -7.76058    -8.03099   0.0646375
          13     -7.6701    -8.00323   0.0653557
          14    -7.61011    -7.97515   0.0664464
          15    -7.59079    -7.94953    0.066775
          16    -7.63149    -7.92965   0.0654933
          17    -7.58964    -7.90965   0.0646225
          18    -7.53349    -7.88875   0.0643227
          19    -7.53701    -7.87024   0.0635456
          20    -7.49022    -7.85124   0.0631452
          21    -7.43172    -7.83126   0.0632195
          22    -7.46076    -7.81442   0.0625488
          23    -7.53555     -7.8023   0.0609931
          24    -7.59089    -7.79349   0.0590844
          25     -7.5768    -7.78482   0.0573532
          26    -7.47273    -7.77282   0.0563894
          27    -7.48977    -7.76233   0.0552668
          28    -7.51317    -7.75343   0.0540046
          29    -7.51515    -7.74522   0.0527637
          30    -7.43578     -7.7349   0.0520033
          31    -7.47307    -7.72646   0.0510071
          32    -7.52344    -7.72011   0.0498061
          33    -7.56958    -7.71555   0.0485053
          34    -7.59567    -7.71202   0.0472066
          35    -7.59672    -7.70873   0.0459727
          36    -7.57468    -7.70501   0.0448462
          37    -7.50226    -7.69953   0.0439677
          38    -7.48935      -7.694   0.0431571
          39    -7.50227    -7.68908   0.0423296
          40    -7.38128    -7.68139   0.0419649
          41    -7.36951    -7.67378   0.0416251
          42    -7.32268    -7.66542   0.0414649
          43    -7.36228    -7.65837   0.0410956
          44    -7.40045    -7.65251   0.0405775
          45    -7.38805    -7.64663   0.0400991
          46    -7.41615    -7.64162   0.0395392
          47    -7.52798     -7.6392   0.0387718
          48    -7.58612     -7.6381   0.0379798
          49    -7.54935    -7.63629   0.0372478
          50    -7.61335    -7.63583   0.0365057
          51    -7.65077    -7.63612   0.0357911
          52    -7.66011    -7.63658   0.0351058
          53    -7.66702    -7.63716   0.0344481
          54    -7.64018    -7.63721   0.0338102
          55    -7.62547      -7.637   0.0331962
          56    -7.58988    -7.63616    0.032614
          57    -7.56937    -7.63498   0.0320629
          58    -7.64919    -7.63523    0.031511
          59    -7.61239    -7.63484   0.0309793
          60    -7.61103    -7.63445   0.0304655
          61    -7.64002    -7.63454   0.0299662
          62    -7.60034    -7.63399    0.029488
          63    -7.59701     -7.6334   0.0290258
          64    -7.62419    -7.63325   0.0285726
          65    -7.70822    -7.63441   0.0281563
          66    -7.61826    -7.63416   0.0277307
          67    -7.65075    -7.63441   0.0273179
          68    -7.60663      -7.634   0.0269193
          69    -7.53497    -7.63257   0.0265674
          70    -7.46703     -7.6302   0.0262929
          71    -7.46843    -7.62792   0.0260211
          72     -7.4522    -7.62548   0.0257739
          73    -7.63356    -7.62559   0.0254211
          74     -7.5941    -7.62517   0.0250811
          75    -7.59724     -7.6248   0.0247494
          76    -7.59683    -7.62443   0.0244265
          77    -7.57173    -7.62374   0.0241189
          78    -7.58774    -7.62328   0.0238141
          79    -7.52421    -7.62203   0.0235456
          80    -7.52266    -7.62079   0.0232841
          81    -7.55376    -7.61996   0.0230113
          82    -7.52494     -7.6188   0.0227598
          83    -7.43683    -7.61661    0.022591
          84    -7.52729    -7.61554    0.022347
          85    -7.50572    -7.61425   0.0221214
          86    -7.60344    -7.61413   0.0218646
          87    -7.58332    -7.61377   0.0216161
          88    -7.64282     -7.6141    0.021373
          89    -7.56675    -7.61357   0.0211395
          90    -7.60684    -7.61349   0.0209047
          91    -7.62176    -7.61359   0.0206752
          92    -7.59401    -7.61337   0.0204516
          93    -7.56478    -7.61285   0.0202383
          94    -7.51159    -7.61177   0.0200517
          95    -7.53368    -7.61095   0.0198575
          96    -7.51491    -7.60995   0.0196758
          97    -7.54277    -7.60926   0.0194851
          98    -7.54065    -7.60856   0.0192989
          99    -7.53628    -7.60783   0.0191177
         100    -7.47089    -7.60646   0.0189756
         101    -7.44202    -7.60483   0.0188574
         102    -7.42109    -7.60303   0.0187584
         103    -7.46786    -7.60172   0.0186221
         104    -7.49313    -7.60067   0.0184723
         105    -7.55284    -7.60022    0.018302
         106    -7.57138    -7.59995   0.0181313
         107    -7.57308    -7.59969   0.0179636
         108    -7.54172    -7.59916   0.0178053
         109    -7.47402    -7.59801   0.0176789
         110    -7.46201    -7.59677   0.0175614
         111    -7.45353    -7.59548   0.0174505
         112    -7.48587     -7.5945   0.0173221
         113    -7.54855     -7.5941   0.0171736
         114    -7.51297    -7.59339   0.0170377
         115    -7.48472    -7.59244   0.0169157
         116    -7.52708    -7.59188   0.0167793
         117    -7.46305    -7.59078    0.016672
         118    -7.46173    -7.58968   0.0165665
         119    -7.53674    -7.58924   0.0164333
         120    -7.56971    -7.58907   0.0162971
         121     -7.5917     -7.5891   0.0161625
         122    -7.54595    -7.58874   0.0160338
         123    -7.60698    -7.58889   0.0159042
         124    -7.60655    -7.58903   0.0157766
         125    -7.50772    -7.58838   0.0156637
         126    -7.61528     -7.5886   0.0155409
         127    -7.67254    -7.58926   0.0154326
         128    -7.62778    -7.58956   0.0153149
         129    -7.56905     -7.5894    0.015197
         130    -7.52785    -7.58893   0.0150875
         131    -7.48821    -7.58816   0.0149919
         132    -7.50909    -7.58756   0.0148903
         133    -7.54193    -7.58722   0.0147823
         134    -7.49624    -7.58654   0.0146876
         135    -7.36718    -7.58491   0.0146684
         136    -7.45634    -7.58397   0.0145909
         137    -7.55036    -7.58372   0.0144865
         138    -7.59484     -7.5838   0.0143818
         139    -7.58605    -7.58382   0.0142783
         140    -7.62054    -7.58408   0.0141787
         141    -7.65655    -7.58459   0.0140875
         142    -7.65683     -7.5851   0.0139974
         143    -7.57913    -7.58506   0.0138996
         144    -7.62987    -7.58537   0.0138066
         145     -7.5953    -7.58544   0.0137115
         146    -7.60441    -7.58557   0.0136182
         147    -7.58373    -7.58556   0.0135256
         148    -7.57443    -7.58548   0.0134344
         149    -7.52019    -7.58504   0.0133514
         150    -7.41962    -7.58394   0.0133079
         151    -7.34591    -7.58237   0.0133128
         152    -7.31539    -7.58061   0.0133405
         153    -7.27251    -7.57859   0.0134045
         154    -7.38234    -7.57732   0.0133779
         155    -7.32183    -7.57567   0.0133927
         156    -7.39422    -7.57451   0.0133573
         157    -7.41346    -7.57348   0.0133115
         158    -7.46639    -7.57281   0.0132445
         159    -7.49259     -7.5723   0.0131708
         160    -7.46896    -7.57166   0.0131043
         161    -7.48791    -7.57113   0.0130333
         162    -7.43393    -7.57029   0.0129803
         163    -7.49354    -7.56982   0.0129092
         164    -7.51535    -7.56948   0.0128348
         165     -7.5408    -7.56931   0.0127582
         166    -7.51139    -7.56896   0.0126861
         167    -7.50059    -7.56855   0.0126167
         168    -7.48047    -7.56803   0.0125525
         169    -7.53462    -7.56783   0.0124798
         170    -7.49694    -7.56741   0.0124133
         171    -7.54608    -7.56729   0.0123414
         172    -7.55702    -7.56723   0.0122698
         173    -7.46735    -7.56665   0.0122124
         174    -7.39885    -7.56569   0.0121802
         175     -7.4464    -7.56501   0.0121297
         176    -7.47423    -7.56449   0.0120717
         177    -7.51958    -7.56424   0.0120062
         178    -7.50431     -7.5639   0.0119435
         179    -7.54181    -7.56378   0.0118774
         180    -7.46315    -7.56322   0.0118246
         181    -7.46937     -7.5627   0.0117706
         182    -7.35423    -7.56155   0.0117615
         183     -7.4544    -7.56097   0.0117118
         184    -7.54921     -7.5609   0.0116483
         185     -7.4768    -7.56045   0.0115942
         186    -7.48609    -7.56005   0.0115388
         187    -7.48351    -7.55964   0.0114843
         188    -7.51794    -7.55942   0.0114254
         189    -7.51725     -7.5592   0.0113671
         190    -7.56493    -7.55923   0.0113073
         191    -7.47129    -7.55877   0.0112575
         192    -7.63535    -7.55916   0.0112059
         193    -7.58362    -7.55929   0.0111486
         194    -7.51481    -7.55906   0.0110935
         195    -7.48861     -7.5587   0.0110425
         196    -7.44682    -7.55813   0.0110009
         197    -7.43242    -7.55749   0.0109635
         198    -7.42054     -7.5568     0.01093
         199    -7.41661     -7.5561   0.0108977
         200    -7.47261    -7.55568   0.0108512
         201    -7.50831    -7.55544   0.0107998
         202    -7.52503    -7.55529   0.0107474
         203    -7.55414    -7.55529   0.0106944
         204    -7.57744    -7.55539   0.0106426
         205    -7.52951    -7.55527   0.0105914
         206    -7.52068     -7.5551   0.0105413
         207    -7.49864    -7.55483   0.0104939
         208    -7.50689     -7.5546    0.010446
         209    -7.50786    -7.55437   0.0103984
         210    -7.57093    -7.55445   0.0103492
         211    -7.56344    -7.55449   0.0103002
         212    -7.55154    -7.55448   0.0102517
         213    -7.56881    -7.55455   0.0102037
         214    -7.60631    -7.55479   0.0101589
         215    -7.72796     -7.5556   0.0101436
         216    -7.67035    -7.55613   0.0101105
         217    -7.65564    -7.55659   0.0100743
         218    -7.66369    -7.55708   0.0100401
         219    -7.70723    -7.55776   0.0100176
         220     -7.7104    -7.55846  0.00999606
         221    -7.69541    -7.55908  0.00997002
         222    -7.59249    -7.55923  0.00992625
         223    -7.59194    -7.55937  0.00988282
         224     -7.4774    -7.55901  0.00984547
         225    -7.45209    -7.55853  0.00981318
         226     -7.4592    -7.55809  0.00977959
         227    -7.46441    -7.55768  0.00974521
         228    -7.30723    -7.55658  0.00976419
         229    -7.30492    -7.55548  0.00978319
         230    -7.35615    -7.55462  0.00977897
         231    -7.42387    -7.55405  0.00975301
         232    -7.45807    -7.55364  0.00971974
         233    -7.49007    -7.55336  0.00968185
         234    -7.49297     -7.5531  0.00964391
         235     -7.4517    -7.55267  0.00961252
         236    -7.46298    -7.55229   0.0095793
         237    -7.42069    -7.55174  0.00955497
         238    -7.44227    -7.55128  0.00952588
         239    -7.39658    -7.55063  0.00950799
         240    -7.36933    -7.54988  0.00949834
         241    -7.42251    -7.54935  0.00947361
         242    -7.49092    -7.54911  0.00943754
         243    -7.48169    -7.54883  0.00940278
         244    -7.47542    -7.54853  0.00936906
         245    -7.51324    -7.54838  0.00933192
         246    -7.51351    -7.54824  0.00929507
         247    -7.54081    -7.54821  0.00925748
         248    -7.49298    -7.54799  0.00922283
         249    -7.47241    -7.54769  0.00919079
         250    -7.41982    -7.54717  0.00916825
         251    -7.32048    -7.54627   0.0091761
         252    -7.32999    -7.54541  0.00917973
         253    -7.35338    -7.54465  0.00917477
         254    -7.46437    -7.54434   0.0091441
         255    -7.42413    -7.54387  0.00912038
         256    -7.44334    -7.54347   0.0090932
         257    -7.43984    -7.54307  0.00906676
         258    -7.38194    -7.54245   0.0090531
         259    -7.46281    -7.54214  0.00902336
         260    -7.51177    -7.54202  0.00898941
         261    -7.54291    -7.54202  0.00895497
         262     -7.5848    -7.54219  0.00892228
         263    -7.57987    -7.54233  0.00888951
         264    -7.62836    -7.54266  0.00886181
         265      -7.539    -7.54264  0.00882838
         266    -7.56196    -7.54272  0.00879548
         267     -7.5111     -7.5426  0.00876334
         268    -7.42604    -7.54216  0.00874143
         269    -7.49407    -7.54198  0.00871076
         270    -7.39613    -7.54144  0.00869523
         271    -7.49565    -7.54127  0.00866479
         272     -7.4776    -7.54104  0.00863609
         273    -7.50257     -7.5409  0.00860561
         274    -7.47363    -7.54065   0.0085777
         275    -7.49625    -7.54049  0.00854803
         276    -7.37926    -7.53991    0.008537
         277    -7.42556     -7.5395  0.00851615
         278     -7.4232    -7.53908  0.00849579
         279    -7.43886    -7.53872  0.00847293
         280    -7.44921     -7.5384  0.00844869
         281    -7.52551    -7.53835  0.00841875
         282    -7.54795    -7.53839  0.00838897
         283    -7.46714    -7.53813   0.0083631
         284    -7.46717    -7.53788  0.00833739
         285    -7.53618    -7.53788  0.00830813
         286    -7.63262    -7.53821  0.00828569
         287    -7.64299    -7.53858  0.00826485
         288    -7.60103    -7.53879    0.008239
         289    -7.58919    -7.53897  0.00821234
         290    -7.54375    -7.53898  0.00818404
         291     -7.4921    -7.53882   0.0081575
         292    -7.47587    -7.53861  0.00813241
         293    -7.45698    -7.53833  0.00810942
         294    -7.47331    -7.53811  0.00808486
         295    -7.53527     -7.5381  0.00805746
         296    -7.54111    -7.53811  0.00803024
         297    -7.48397    -7.53792  0.00800527
         298    -7.51528    -7.53785  0.00797877
         299    -7.56374    -7.53794  0.00795255
         300    -7.53593    -7.53793  0.00792605
         301    -7.51065    -7.53784  0.00790023
         302    -7.51978    -7.53778   0.0078743
         303     -7.5496    -7.53782  0.00784841
         304     -7.6109    -7.53806  0.00782627
         305    -7.54555    -7.53808  0.00780065
         306    -7.52713    -7.53805  0.00777524
         307    -7.48676    -7.53788  0.00775171
         308     -7.4538    -7.53761  0.00773135
         309    -7.52278    -7.53756  0.00770648
         310    -7.46942    -7.53734  0.00768475
         311    -7.43867    -7.53702  0.00766659
         312     -7.5109    -7.53694  0.00764247
         313    -7.58346    -7.53709   0.0076195
         314    -7.56829    -7.53719  0.00759588
         315    -7.48682    -7.53703  0.00757345
         316    -7.54285    -7.53704  0.00754951
         317    -7.51172    -7.53696  0.00752611
         318    -7.56794    -7.53706  0.00750308
         319    -7.56452    -7.53715  0.00748005
         320    -7.52703    -7.53712  0.00745674
         321    -7.46931     -7.5369   0.0074365
         322     -7.5263    -7.53687  0.00741348
         323     -7.5685    -7.53697  0.00739118
         324      -7.538    -7.53697  0.00736836
         325    -7.59077    -7.53714  0.00734755
         326    -7.56567    -7.53723  0.00732553
         327    -7.62029    -7.53748  0.00730753
         328    -7.62343    -7.53774  0.00728995
         329    -7.62705    -7.53801  0.00727285
         330    -7.64953    -7.53835  0.00725865
         331    -7.70725    -7.53886  0.00725464
         332    -7.76233    -7.53953  0.00726395
         333    -7.71735    -7.54007  0.00726173
         334    -7.73886    -7.54066  0.00726434
         335    -7.71388    -7.54118  0.00726103
         336    -7.67657    -7.54158   0.0072506
         337    -7.69036    -7.54203  0.00724251
         338    -7.66526    -7.54239  0.00723025
         339    -7.63117    -7.54265  0.00721366
         340     -7.5756    -7.54275   0.0071931
         341    -7.59111    -7.54289   0.0071734
         342    -7.58907    -7.54303   0.0071537
         343    -7.57148    -7.54311  0.00713332
         344    -7.60255    -7.54328  0.00711468
         345    -7.59432    -7.54343  0.00709559
         346    -7.56203    -7.54348  0.00707529
         347    -7.59357    -7.54363  0.00705637
         348    -7.52631    -7.54358  0.00703627
         349    -7.49979    -7.54345  0.00701723
         350    -7.47909    -7.54327  0.00699959
         351    -7.51207    -7.54318  0.00698021
         352    -7.49429    -7.54304  0.00696176
         353    -7.45456    -7.54279  0.00694655
         354    -7.50609    -7.54269   0.0069277
         355     -7.5576    -7.54273  0.00690831
         356    -7.61404    -7.54293  0.00689181
         357    -7.66926    -7.54328  0.00688159
         358    -7.64808    -7.54358  0.00686859
         359    -7.56719    -7.54364  0.00684977
         360    -7.54194    -7.54364  0.00683074
         361    -7.53294    -7.54361  0.00681189
         362    -7.53771    -7.54359  0.00679309
         363     -7.5565    -7.54363  0.00677447
         364     -7.6359    -7.54388   0.0067606
         365    -7.61784    -7.54408  0.00674511
         366    -7.65366    -7.54438  0.00673333
         367    -7.63949    -7.54464  0.00671996
         368    -7.65056    -7.54493  0.00670786
         369    -7.67537    -7.54528  0.00669899
         370    -7.69317    -7.54568   0.0066928
         371    -7.60836    -7.54585  0.00667689
         372    -7.57276    -7.54592  0.00665934
         373    -7.64499    -7.54619  0.00664678
         374    -7.67252    -7.54653  0.00663758
         375    -7.61268     -7.5467  0.00662223
         376    -7.65666      -7.547  0.00661107
         377    -7.64596    -7.54726  0.00659874
         378    -7.70511    -7.54768  0.00659449
         379    -7.71635    -7.54812  0.00659209
         380    -7.69361     -7.5485  0.00658585
         381     -7.5831    -7.54859  0.00656919
         382    -7.67068    -7.54891  0.00655976
         383    -7.78267    -7.54952  0.00657097
         384    -7.70292    -7.54992  0.00656599
         385    -7.70797    -7.55033  0.00656175
         386      -7.603    -7.55047  0.00654617
         387    -7.59589    -7.55059  0.00653031
         388    -7.55951    -7.55061  0.00651352
         389    -7.52123    -7.55054  0.00649721
         390    -7.46576    -7.55032  0.00648419
         391    -7.46041    -7.55009  0.00647168
         392    -7.53968    -7.55006  0.00645522
         393    -7.52976    -7.55001    0.006439
         394    -7.53391    -7.54997  0.00642279
         395    -7.51026    -7.54987  0.00640732
         396    -7.47706    -7.54968  0.00639378
         397    -7.55025    -7.54969  0.00637767
         398     -7.5961     -7.5498  0.00636271
         399    -7.61902    -7.54998  0.00634913
         400    -7.57096    -7.55003  0.00633347
         401    -7.61759     -7.5502  0.00631992
         402    -7.54805    -7.55019   0.0063042
         403    -7.44886    -7.54994  0.00629357
         404     -7.4303    -7.54964  0.00628496
         405    -7.45602    -7.54941  0.00627369
         406    -7.44059    -7.54914  0.00626396
         407    -7.41234    -7.54881  0.00625758
         408    -7.51607    -7.54873  0.00624276
         409    -7.52232    -7.54866  0.00622783
         410    -7.51415    -7.54858  0.00621321
         411    -7.42911    -7.54829  0.00620488
         412    -7.52539    -7.54823  0.00619007
         413    -7.58755    -7.54833  0.00617582
         414    -7.57843     -7.5484  0.00616133
         415    -7.61418    -7.54856  0.00614852
         416    -7.63495    -7.54877  0.00613725
         417    -7.67064    -7.54906  0.00612948
         418    -7.64951     -7.5493  0.00611953
         419    -7.66887    -7.54959  0.00611157
         420    -7.72656    -7.55001  0.00611153
         421    -7.68846    -7.55034  0.00610586
         422    -7.66076     -7.5506  0.00609699
         423    -7.68071     -7.5509  0.00609033
         424     -7.6379    -7.55111  0.00607942
         425    -7.58997     -7.5512  0.00606581
         426    -7.64026    -7.55141  0.00605517
         427    -7.58728    -7.55149  0.00604157
         428    -7.58336    -7.55157  0.00602791
         429    -7.56201    -7.55159  0.00601391
         430    -7.64831    -7.55182  0.00600413
         431    -7.58131    -7.55189  0.00599059
         432    -7.59169    -7.55198  0.00597743
         433    -7.57154    -7.55202   0.0059638
         434    -7.55051    -7.55202  0.00595006
         435    -7.47417    -7.55184  0.00593907
         436    -7.51176    -7.55175  0.00592616
         437    -7.48472     -7.5516  0.00591458
         438     -7.4596    -7.55139  0.00590481
         439    -7.47927    -7.55122  0.00589364
         440    -7.42476    -7.55093  0.00588725
         441    -7.44689     -7.5507  0.00587862
         442    -7.41838     -7.5504  0.00587294
         443    -7.49608    -7.55028  0.00586097
         444    -7.51908    -7.55021  0.00584819
         445    -7.58091    -7.55028  0.00583545
         446    -7.53151    -7.55023  0.00582252
         447    -7.56614    -7.55027   0.0058096
         448    -7.55687    -7.55028  0.00579665
         449    -7.55759     -7.5503  0.00578377
         450    -7.45538    -7.55009  0.00577476
         451    -7.44886    -7.54986  0.00576631
         452    -7.39575    -7.54952  0.00576363
         453    -7.44348    -7.54929  0.00575566
         454    -7.51174    -7.54921  0.00574357
         455    -7.50754    -7.54912  0.00573168
         456    -7.46362    -7.54893  0.00572218
         457    -7.45142    -7.54871  0.00571363
         458    -7.46947    -7.54854  0.00570378
         459    -7.43218    -7.54829  0.00569698
         460    -7.44668    -7.54807  0.00568888
         461    -7.50278    -7.54797  0.00567738
         462    -7.55096    -7.54798   0.0056651
         463    -7.53486    -7.54795  0.00565293
         464    -7.47695    -7.54779  0.00564282
         465    -7.40513    -7.54749  0.00563902
         466    -7.42803    -7.54723  0.00563274
         467    -7.42239    -7.54696  0.00562702
         468    -7.46844     -7.5468   0.0056175
         469    -7.58049    -7.54687  0.00560598
         470    -7.60534    -7.54699  0.00559543
         471    -7.54982      -7.547  0.00558356
         472    -7.57396    -7.54705  0.00557202
         473    -7.61553     -7.5472  0.00556212
         474    -7.63186    -7.54738  0.00555325
         475     -7.5555     -7.5474  0.00554159
         476    -7.50374     -7.5473  0.00553071
         477    -7.48236    -7.54717  0.00552079
         478    -7.53667    -7.54715  0.00550928
         479     -7.5462    -7.54714  0.00549778
         480    -7.53318    -7.54711   0.0054864
         481    -7.52409    -7.54707   0.0054752
         482    -7.56773    -7.54711  0.00546401
         483    -7.70631    -7.54744  0.00546263
         484    -7.64343    -7.54764  0.00545495
         485    -7.65993    -7.54787  0.00544861
         486    -7.73284    -7.54825  0.00545068
         487    -7.79145    -7.54875  0.00546231
         488    -7.82086    -7.54931  0.00547951
         489    -7.81059    -7.54984  0.00549429
         490    -7.87494     -7.5505  0.00552299
         491     -7.7549    -7.55092  0.00552741
         492    -7.74326    -7.55131  0.00552998
         493    -7.68554    -7.55158  0.00552546
         494    -7.61356    -7.55171   0.0055157
         495    -7.70156    -7.55201  0.00551286
         496    -7.71265    -7.55234  0.00551125
         497     -7.7187    -7.55267  0.00551032
         498    -7.73625    -7.55304  0.00551157
         499    -7.67395    -7.55328  0.00550585
         500    -7.61252     -7.5534  0.00549611
         501    -7.50584    -7.55331  0.00548596
         502    -7.49925     -7.5532  0.00547609
         503    -7.54358    -7.55318  0.00546524
         504    -7.55443    -7.55318  0.00545439
         505    -7.58266    -7.55324   0.0054439
         506    -7.59528    -7.55332  0.00543378
         507    -7.57409    -7.55336  0.00542322
         508    -7.65232    -7.55356  0.00541604
         509    -7.63221    -7.55371   0.0054076
         510    -7.62562    -7.55385  0.00539884
         511    -7.67405    -7.55409  0.00539339
         512    -7.62323    -7.55422  0.00538455
         513    -7.61362    -7.55434   0.0053753
         514    -7.71858    -7.55466  0.00537433
         515    -7.74389    -7.55503  0.00537644
         516    -7.72526    -7.55536  0.00537613
         517    -7.79206    -7.55581  0.00538519
         518    -7.75018    -7.55619  0.00538785
         519    -7.79292    -7.55665  0.00539675
         520    -7.76894    -7.55705  0.00540179
         521     -7.6894    -7.55731  0.00539739
         522    -7.65235    -7.55749  0.00539012
         523    -7.58463    -7.55754  0.00538006
         524    -7.56293    -7.55755  0.00536981
         525    -7.59226    -7.55762  0.00535999
         526     -7.5189    -7.55754   0.0053503
         527    -7.47376    -7.55739  0.00534251
         528    -7.48718    -7.55725  0.00533405
         529    -7.41386    -7.55698  0.00533084
         530    -7.41212    -7.55671  0.00532779
         531    -7.41108    -7.55643  0.00532481
         532      -7.467    -7.55627  0.00531745
         533    -7.48258    -7.55613  0.00530927
         534     -7.6102    -7.55623   0.0053003
         535    -7.67608    -7.55645  0.00529512
         536    -7.53673    -7.55642  0.00528537
         537     -7.4444    -7.55621  0.00527964
         538    -7.48855    -7.55608  0.00527133
         539    -7.44321    -7.55587  0.00526571
         540     -7.4249    -7.55563  0.00526154
         541    -7.47176    -7.55547  0.00525409
         542    -7.41779    -7.55522  0.00525054
         543    -7.40404    -7.55494  0.00524825
         544    -7.39089    -7.55464  0.00524726
         545    -7.46114    -7.55447  0.00524043
         546    -7.45255    -7.55428  0.00523416
         547    -7.44228    -7.55408  0.00522859
         548    -7.52004    -7.55402  0.00521942
         549    -7.57201    -7.55405  0.00521002
         550    -7.58183     -7.5541  0.00520079
         551    -7.55293     -7.5541  0.00519135
         552    -7.57499    -7.55413  0.00518208
         553    -7.50494    -7.55405  0.00517348
         554    -7.53562    -7.55401  0.00516424
         555    -7.49599    -7.55391    0.005156
         556     -7.5047    -7.55382  0.00514748
         557    -7.49704    -7.55372  0.00513925
         558    -7.50449    -7.55363   0.0051308
         559    -7.47053    -7.55348  0.00512377
         560    -7.48733    -7.55336  0.00511598
         561    -7.47407    -7.55322  0.00510882
         562    -7.47195    -7.55308  0.00510177
         563    -7.48012    -7.55295  0.00509436
         564    -7.44288    -7.55275  0.00508906
         565    -7.46373    -7.55259  0.00508249
         566    -7.52154    -7.55254  0.00507381
         567    -7.47758    -7.55241  0.00506658
         568    -7.42754    -7.55219  0.00506243
         569    -7.41797    -7.55195  0.00505902
         570    -7.40097    -7.55169  0.00505708
         571    -7.48276    -7.55157  0.00504966
         572    -7.52071    -7.55151  0.00504112
         573    -7.53104    -7.55148  0.00503245
         574    -7.51337    -7.55141  0.00502412
         575    -7.53384    -7.55138  0.00501548
         576    -7.51799    -7.55132  0.00500711
         577    -7.52998    -7.55128  0.00499856
         578    -7.48183    -7.55116  0.00499136
         579    -7.50053    -7.55108  0.00498351
         580    -7.49601    -7.55098  0.00497582
         581    -7.57868    -7.55103  0.00496748
         582    -7.60649    -7.55112  0.00495986
         583    -7.70473    -7.55139  0.00495835
         584    -7.70424    -7.55165  0.00495676
         585    -7.67599    -7.55186  0.00495284
         586    -7.62959      -7.552  0.00494616
         587    -7.70429    -7.55225  0.00494454
         588    -7.69851     -7.5525  0.00494238
         589    -7.66214    -7.55269  0.00493749
         590    -7.70134    -7.55294  0.00493555
         591    -7.62325    -7.55306  0.00492863
         592    -7.62512    -7.55318  0.00492181
         593    -7.61467    -7.55329   0.0049146
         594    -7.63048    -7.55342  0.00490805
         595    -7.64281    -7.55357   0.0049021
         596    -7.56553    -7.55359  0.00489391
         597    -7.65372    -7.55375  0.00488859
         598    -7.60042    -7.55383  0.00488104
         599    -7.61455    -7.55393  0.00487394
         600    -7.65063    -7.55409  0.00486848
         601    -7.67741     -7.5543   0.0048647
         602    -7.66506    -7.55448   0.0048601
         603    -7.65806    -7.55466  0.00485507
         604    -7.63577    -7.55479  0.00484889
         605    -7.59598    -7.55486  0.00484136
         606    -7.57553    -7.55489  0.00483349
         607    -7.52458    -7.55484  0.00482578
         608     -7.5125    -7.55477  0.00481835
         609    -7.53732    -7.55474  0.00481052
         610    -7.59027     -7.5548  0.00480299
         611    -7.64039    -7.55494  0.00479717
         612      -7.653     -7.5551  0.00479201
         613    -7.69584    -7.55533  0.00478968
         614    -7.58482    -7.55538  0.00478212
         615    -7.64091    -7.55552  0.00477637
         616    -7.67464    -7.55571  0.00477253
         617    -7.66653    -7.55589  0.00476817
         618    -7.67743    -7.55609  0.00476451
         619    -7.62816     -7.5562  0.00475824
         620     -7.6348    -7.55633  0.00475225
         621    -7.69901    -7.55656  0.00475015
         622    -7.75772    -7.55688  0.00475351
         623    -7.70339    -7.55712  0.00475169
         624    -7.65851    -7.55728  0.00474685
         625    -7.69293     -7.5575  0.00474422
         626     -7.6854     -7.5577  0.00474104
         627    -7.62993    -7.55782  0.00473487
         628    -7.59264    -7.55787  0.00472766
         629    -7.63505      -7.558  0.00472173
         630    -7.63914    -7.55813    0.004716
         631    -7.65105    -7.55827  0.00471082
         632    -7.58332    -7.55831  0.00470353
         633    -7.52084    -7.55825  0.00469648
         634     -7.4719    -7.55812  0.00469104
         635    -7.46843    -7.55798  0.00468578
         636    -7.42834    -7.55777  0.00468284
         637    -7.37384    -7.55748  0.00468439
         638    -7.44592    -7.55731  0.00468031
         639    -7.50798    -7.55723  0.00467362
         640    -7.46428    -7.55709  0.00466857
         641    -7.51033    -7.55701  0.00466186
         642    -7.55961    -7.55702   0.0046546
         643    -7.60273    -7.55709   0.0046479
         644    -7.49555    -7.55699  0.00464167
         645    -7.64151    -7.55712  0.00463632
         646    -7.59342    -7.55718  0.00462948
         647    -7.71449    -7.55742  0.00462871
         648    -7.67106     -7.5576  0.00462489
         649    -7.64513    -7.55773  0.00461973
         650    -7.59813     -7.5578  0.00461304
         651    -7.55383    -7.55779  0.00460596
         652    -7.49363    -7.55769  0.00459994
         653     -7.5323    -7.55765  0.00459306
         654    -7.53262    -7.55761   0.0045862
         655    -7.58963    -7.55766  0.00457946
         656    -7.61632    -7.55775  0.00457335
         657    -7.61325    -7.55784  0.00456717
         658     -7.4962    -7.55774  0.00456119
         659     -7.4975    -7.55765  0.00455518
         660    -7.50436    -7.55757    0.004549
         661    -7.48887    -7.55747   0.0045433
         662    -7.52117    -7.55741  0.00453677
         663    -7.50007    -7.55733  0.00453075
         664     -7.5779    -7.55736  0.00452403
         665    -7.57884    -7.55739  0.00451735
         666    -7.59425    -7.55744   0.0045109
         667    -7.56019    -7.55745  0.00450414
         668    -7.42399    -7.55725  0.00450183
         669    -7.44617    -7.55708  0.00449816
         670     -7.5891    -7.55713   0.0044917
         671    -7.69505    -7.55734  0.00448971
         672    -7.70916    -7.55756  0.00448871
         673    -7.70608    -7.55778  0.00448746
         674    -7.65486    -7.55793  0.00448311
         675    -7.69223    -7.55813  0.00448088
         676    -7.68487    -7.55831  0.00447817
         677    -7.66213    -7.55847  0.00447418
         678    -7.72887    -7.55872  0.00447464
         679    -7.73542    -7.55898  0.00447561
         680    -7.71334     -7.5592  0.00447478
         681    -7.78248    -7.55953   0.0044802
         682    -7.70362    -7.55974  0.00447861
         683    -7.74866    -7.56002  0.00448059
         684    -7.82625    -7.56041  0.00449091
         685    -7.77085    -7.56072  0.00449485
         686    -7.82142     -7.5611  0.00450434
         687    -7.77164     -7.5614  0.00450819
         688    -7.71048    -7.56162  0.00450684
         689    -7.68421     -7.5618  0.00450381
         690    -7.54905    -7.56178  0.00449732
         691    -7.61549    -7.56186  0.00449149
         692     -7.6298    -7.56196  0.00448607
         693    -7.66261     -7.5621  0.00448195
         694    -7.58425    -7.56213   0.0044756
         695    -7.58041    -7.56216  0.00446924
         696     -7.5523    -7.56214  0.00446284
         697    -7.49579    -7.56205  0.00445745
         698    -7.43859    -7.56187  0.00445458
         699    -7.47992    -7.56176  0.00444975
         700    -7.44061    -7.56158  0.00444675
         701    -7.44701    -7.56142  0.00444341
         702     -7.4732    -7.56129  0.00443886
         703    -7.48224    -7.56118  0.00443397
         704    -7.48438    -7.56107  0.00442901
         705    -7.48188    -7.56096  0.00442416
         706    -7.49083    -7.56086    0.004419
         707    -7.48269    -7.56075  0.00441414
         708    -7.50259    -7.56067  0.00440867
         709    -7.47881    -7.56055  0.00440396
         710    -7.52228     -7.5605  0.00439809
         711    -7.49339     -7.5604  0.00439291
         712     -7.5072    -7.56033  0.00438738
         713    -7.54298     -7.5603  0.00438129
         714    -7.51275    -7.56024  0.00437566
         715    -7.54914    -7.56022  0.00436957
         716    -7.54762     -7.5602   0.0043635
         717    -7.49445    -7.56011  0.00435838
         718    -7.50965    -7.56004  0.00435288
         719    -7.49035    -7.55995   0.0043479
         720    -7.43303    -7.55977  0.00434544
         721    -7.34903    -7.55948  0.00434923
         722    -7.36815    -7.55921  0.00435127
         723    -7.37812    -7.55896  0.00435245
         724     -7.4355    -7.55879  0.00434978
         725    -7.44715    -7.55864  0.00434651
         726    -7.53371     -7.5586  0.00434066
         727    -7.56283    -7.55861  0.00433469
         728    -7.52457    -7.55856  0.00432899
         729    -7.62375    -7.55865  0.00432397
         730    -7.61673    -7.55873  0.00431878
         731    -7.52565    -7.55869  0.00431311
         732    -7.48923    -7.55859  0.00430826
         733    -7.52811    -7.55855  0.00430258
         734    -7.47368    -7.55843  0.00429828
         735    -7.57466    -7.55846  0.00429248
         736    -7.57174    -7.55847  0.00428669
         737    -7.53839    -7.55845  0.00428096
         738     -7.4964    -7.55836  0.00427598
         739    -7.48523    -7.55826  0.00427134
         740    -7.43803     -7.5581  0.00426866
         741    -7.54435    -7.55808  0.00426294
         742    -7.47052    -7.55796  0.00425883
         743    -7.53386    -7.55793  0.00425322
         744    -7.58563    -7.55797  0.00424767
         745    -7.58538    -7.55801  0.00424212
         746    -7.69458    -7.55819  0.00424039
         747    -7.68511    -7.55836  0.00423811
         748    -7.58758     -7.5584  0.00423263
         749    -7.64811    -7.55852  0.00422867
         750    -7.63681    -7.55862  0.00422432
         751    -7.63314    -7.55872  0.00421986
         752    -7.58858    -7.55876  0.00421444
         753    -7.58545     -7.5588  0.00420899
         754    -7.56343     -7.5588  0.00420341
         755    -7.55108    -7.55879  0.00419785
         756    -7.64764    -7.55891  0.00419395
         757    -7.60022    -7.55896  0.00418876
         758    -7.56069    -7.55897  0.00418324
         759    -7.53946    -7.55894   0.0041778
         760     -7.5716    -7.55896  0.00417234
         761    -7.59356      -7.559   0.0041671
         762    -7.63928    -7.55911  0.00416297
         763    -7.64398    -7.55922    0.004159
         764    -7.58523    -7.55925  0.00415369
         765    -7.51059    -7.55919  0.00414875
         766    -7.53828    -7.55916  0.00414342
         767    -7.52425    -7.55912  0.00413827
         768     -7.5536    -7.55911  0.00413289
         769    -7.50032    -7.55903  0.00412822
         770    -7.43048    -7.55887  0.00412624
         771    -7.51846    -7.55881  0.00412122
         772    -7.59923    -7.55887  0.00411621
         773    -7.62068    -7.55895  0.00411166
         774    -7.68586    -7.55911  0.00410962
         775    -7.68464    -7.55927  0.00410751
         776    -7.68884    -7.55944  0.00410561
         777    -7.72449    -7.55965  0.00410581
         778    -7.66441    -7.55979  0.00410274
         779    -7.69301    -7.55996  0.00410104
         780    -7.69236    -7.56013  0.00409929
         781    -7.73776    -7.56036  0.00410035
         782    -7.68841    -7.56052  0.00409837
         783    -7.70152     -7.5607  0.00409709
         784    -7.70963    -7.56089  0.00409627
         785    -7.64023    -7.56099   0.0040923
         786    -7.62101    -7.56107   0.0040878
         787    -7.55089    -7.56105  0.00408263
         788    -7.50599    -7.56098  0.00407805
         789    -7.50213    -7.56091  0.00407356
         790    -7.45148    -7.56077  0.00407076
         791    -7.37013    -7.56053  0.00407274
         792    -7.37604     -7.5603  0.00407425
         793    -7.40923    -7.56011  0.00407357
         794    -7.41628    -7.55992  0.00407246
         795    -7.49249    -7.55984  0.00406822
         796    -7.47697    -7.55974  0.00406444
         797     -7.4865    -7.55964  0.00406038
         798    -7.51819    -7.55959  0.00405563
         799    -7.47583    -7.55949  0.00405191
         800    -7.49246     -7.5594  0.00404771
         801    -7.43934    -7.55925  0.00404543
         802    -7.46819    -7.55914  0.00404198
         803    -7.49296    -7.55906  0.00403778
         804    -7.50414    -7.55899  0.00403334
         805    -7.58431    -7.55902  0.00402845
         806    -7.60487    -7.55908  0.00402385
         807    -7.62254    -7.55916  0.00401964
         808    -7.50005    -7.55908  0.00401533
         809    -7.51399    -7.55903  0.00401075
         810    -7.54818    -7.55901  0.00400582
         811    -7.55868    -7.55901  0.00400088
         812     -7.5488      -7.559  0.00399598
         813    -7.52923    -7.55896  0.00399123
         814    -7.56413    -7.55897  0.00398633
         815    -7.54665    -7.55896  0.00398147
         816    -7.60932    -7.55902  0.00397707
         817    -7.52438    -7.55898  0.00397242
         818    -7.53131    -7.55894  0.00396771
         819     -7.5709    -7.55896  0.00396289
         820    -7.56043    -7.55896  0.00395806
         821     -7.5505    -7.55895  0.00395325
         822    -7.51254    -7.55889  0.00394885
         823     -7.5543    -7.55889  0.00394405
         824    -7.49546    -7.55881  0.00394002
         825    -7.46614     -7.5587  0.00393684
         826    -7.48612    -7.55861  0.00393306
         827    -7.46342    -7.55849  0.00392999
         828    -7.39562     -7.5583  0.00393016
         829    -7.42942    -7.55814  0.00392849
         830    -7.45888    -7.55802  0.00392558
         831    -7.60536    -7.55808  0.00392127
         832    -7.68746    -7.55823  0.00391964
         833    -7.67047    -7.55837  0.00391725
         834    -7.61424    -7.55844  0.00391312
         835    -7.55744    -7.55843  0.00390844
         836    -7.57834    -7.55846  0.00390383
         837    -7.52363    -7.55842  0.00389939
         838     -7.5327    -7.55839  0.00389486
         839    -7.59524    -7.55843  0.00389046
         840    -7.56009    -7.55843  0.00388583
         841    -7.54562    -7.55842  0.00388124
         842     -7.5296    -7.55838  0.00387678
         843    -7.60323    -7.55844  0.00387255
         844    -7.61062     -7.5585  0.00386846
         845     -7.6292    -7.55858  0.00386478
         846    -7.53905    -7.55856  0.00386028
         847    -7.49194    -7.55848  0.00385653
         848    -7.43025    -7.55833  0.00385494
         849    -7.47086    -7.55822  0.00385178
         850    -7.47432    -7.55813  0.00384851
         851    -7.46575    -7.55802  0.00384552
         852    -7.54434      -7.558  0.00384104
         853    -7.55708      -7.558  0.00383654
         854    -7.54424    -7.55798  0.00383208
         855    -7.59908    -7.55803   0.0038279
         856    -7.59149    -7.55807  0.00382363
         857    -7.60106    -7.55812  0.00381949
         858    -7.58232    -7.55815  0.00381515
         859    -7.58424    -7.55818  0.00381082
         860    -7.61842    -7.55825  0.00380704
         861    -7.59634    -7.55829  0.00380287
         862    -7.57523    -7.55831  0.00379851
         863    -7.58771    -7.55835  0.00379426
         864    -7.64251    -7.55845  0.00379112
         865      -7.644    -7.55854  0.00378803
         866    -7.64814    -7.55865  0.00378507
         867    -7.68421    -7.55879  0.00378347
         868    -7.68812    -7.55894  0.00378204
         869    -7.68785    -7.55909   0.0037806
         870    -7.75476    -7.55932  0.00378294
         871    -7.69616    -7.55947  0.00378186
         872    -7.65211    -7.55958  0.00377901
         873    -7.72288    -7.55977  0.00377931
         874    -7.73618    -7.55997  0.00378037
         875    -7.70363    -7.56013  0.00377962
         876    -7.65728    -7.56024  0.00377693
         877    -7.65478    -7.56035  0.00377416
         878    -7.59498    -7.56039  0.00377007
         879    -7.57484    -7.56041  0.00376581
         880     -7.6139    -7.56047  0.00376202
         881    -7.57473    -7.56048  0.00375779
         882      -7.564    -7.56049  0.00375353
         883    -7.54695    -7.56047  0.00374931
         884    -7.66228    -7.56059  0.00374684
         885    -7.69198    -7.56074  0.00374554
         886    -7.56283    -7.56074  0.00374132
         887    -7.59598    -7.56078  0.00373731
         888    -7.59099    -7.56081  0.00373326
         889      -7.554     -7.5608  0.00372907
         890    -7.53786    -7.56078  0.00372497
         891    -7.53198    -7.56075  0.00372092
         892      -7.448    -7.56062   0.0037189
         893    -7.42787    -7.56047   0.0037177
         894    -7.54015    -7.56045  0.00371362
         895    -7.57066    -7.56046  0.00370948
         896    -7.66347    -7.56057  0.00370712
         897    -7.68956    -7.56072  0.00370578
         898     -7.6145    -7.56078  0.00370214
         899    -7.66037    -7.56089  0.00369968
         900    -7.68906    -7.56103  0.00369831
         901    -7.63423    -7.56111  0.00369509
         902    -7.64354     -7.5612  0.00369213
         903    -7.62891    -7.56128   0.0036888
         904    -7.58843    -7.56131  0.00368484
         905    -7.57848    -7.56133  0.00368082
         906    -7.63497    -7.56141  0.00367765
         907    -7.57917    -7.56143  0.00367365
         908    -7.59094    -7.56146  0.00366975
         909    -7.62149    -7.56153   0.0036663
         910    -7.59621    -7.56157  0.00366247
         911    -7.62955    -7.56164  0.00365921
         912    -7.60222    -7.56168  0.00365547
         913     -7.5269    -7.56165  0.00365167
         914    -7.50547    -7.56159  0.00364819
         915    -7.49869    -7.56152  0.00364485
         916    -7.55572    -7.56151  0.00364088
         917    -7.54729    -7.56149  0.00363694
         918    -7.67951    -7.56162  0.00363525
         919    -7.63542     -7.5617  0.00363218
         920    -7.63255    -7.56178  0.00362905
         921    -7.58644    -7.56181  0.00362521
         922    -7.59058    -7.56184  0.00362141
         923    -7.56163    -7.56184  0.00361748
         924    -7.61107    -7.56189  0.00361396
         925    -7.62458    -7.56196  0.00361069
         926    -7.59617      -7.562  0.00360698
         927    -7.64927    -7.56209  0.00360432
         928    -7.60557    -7.56214  0.00360074
         929    -7.58381    -7.56216  0.00359694
         930    -7.56365    -7.56216  0.00359307
         931    -7.54711    -7.56215  0.00358925
         932    -7.49855    -7.56208  0.00358604
         933     -7.5905    -7.56211  0.00358233
         934    -7.57196    -7.56212  0.00357851
         935    -7.57244    -7.56213   0.0035747
         936    -7.58156    -7.56215  0.00357094
         937    -7.51756     -7.5621  0.00356745
         938    -7.50355    -7.56204  0.00356419
         939    -7.50754    -7.56198  0.00356087
         940    -7.53941    -7.56196  0.00355716
         941    -7.47193    -7.56186  0.00355467
         942     -7.4302    -7.56172  0.00355364
         943    -7.52976    -7.56169  0.00355003
         944    -7.51675    -7.56164  0.00354659
         945    -7.52202     -7.5616  0.00354309
         946    -7.49505    -7.56153  0.00354004
         947    -7.49759    -7.56146  0.00353694
         948     -7.5504    -7.56145  0.00353323
         949    -7.58049    -7.56147  0.00352957
         950    -7.55539    -7.56146  0.00352586
         951    -7.56056    -7.56146  0.00352215
         952    -7.61916    -7.56152  0.00351897
         953    -7.65485    -7.56162  0.00351664
         954    -7.60564    -7.56167  0.00351326
         955    -7.61105    -7.56172  0.00350996
         956    -7.59397    -7.56175  0.00350645
         957    -7.57211    -7.56176   0.0035028
         958    -7.60614    -7.56181  0.00349945
         959    -7.54498    -7.56179  0.00349585
         960    -7.53127    -7.56176  0.00349235
         961    -7.43367    -7.56163  0.00349126
         962    -7.47806    -7.56154  0.00348871
         963    -7.53381    -7.56151  0.00348521
         964    -7.50338    -7.56145  0.00348211
         965    -7.50666    -7.56139  0.00347897
         966    -7.43164    -7.56126  0.00347796
         967    -7.42808    -7.56112  0.00347709
         968    -7.46875    -7.56103   0.0034748
         969    -7.54129    -7.56101  0.00347128
         970    -7.59549    -7.56104  0.00346788
         971    -7.59628    -7.56108   0.0034645
         972    -7.57473    -7.56109  0.00346096
         973    -7.50829    -7.56104  0.00345783
         974    -7.51435    -7.56099  0.00345461
         975      -7.518    -7.56095  0.00345135
         976    -7.42653    -7.56081  0.00345056
         977    -7.40336    -7.56065  0.00345079
         978    -7.29645    -7.56038  0.00345782
         979    -7.40591    -7.56022  0.00345789
         980    -7.46773    -7.56013  0.00345565
         981    -7.41826    -7.55998  0.00345515
         982    -7.44839    -7.55987   0.0034535
         983     -7.4461    -7.55975  0.00345192
         984    -7.46274    -7.55965  0.00344982
         985    -7.44616    -7.55954  0.00344824
         986    -7.46163    -7.55944  0.00344618
         987    -7.47065    -7.55935  0.00344386
         988    -7.47162    -7.55926  0.00344152
         989    -7.51353    -7.55921  0.00343835
         990    -7.45928    -7.55911  0.00343636
         991    -7.44406      -7.559  0.00343485
         992    -7.39714    -7.55883  0.00343526
         993    -7.34946    -7.55862  0.00343827
         994    -7.39125    -7.55845  0.00343893
         995    -7.44754    -7.55834  0.00343728
         996    -7.43468    -7.55822  0.00343607
         997    -7.42738    -7.55809  0.00343513
         998    -7.48455    -7.55801  0.00343248
         999    -7.49363    -7.55795  0.00342964
        1000    -7.47213    -7.55786  0.00342729
        1001    -7.43971    -7.55774   0.0034259
        1002    -7.47924    -7.55767  0.00342337
        1003    -7.46426    -7.55757  0.00342123
        1004    -7.41765    -7.55743  0.00342066
        1005     -7.4335    -7.55731  0.00341947
        1006    -7.44291     -7.5572  0.00341797
        1007    -7.48671    -7.55713  0.00341529
        1008    -7.49053    -7.55706  0.00341254
        1009     -7.5123    -7.55702  0.00340944
        1010    -7.52317    -7.55698  0.00340623
        1011    -7.52045    -7.55695  0.00340306
        1012    -7.60862      -7.557  0.00340008
        1013    -7.55439      -7.557  0.00339672
        1014    -7.50356    -7.55694  0.00339378
        1015    -7.49678    -7.55688  0.00339095
        1016    -7.50067    -7.55683  0.00338807
        1017    -7.44976    -7.55672  0.00338637
        1018     -7.5217    -7.55669  0.00338322
        1019    -7.44321    -7.55658  0.00338173
        1020    -7.41217    -7.55644  0.00338138
        1021     -7.3797    -7.55626   0.0033825
        1022    -7.43368    -7.55614  0.00338131
        1023    -7.35195    -7.55594  0.00338389
        1024    -7.41173     -7.5558  0.00338352
        1025    -7.37629    -7.55563  0.00338475
        1026     -7.4171    -7.55549  0.00338414
        1027     -7.4161    -7.55536  0.00338356
        1028    -7.46474    -7.55527  0.00338142
        1029    -7.37467    -7.55509  0.00338269
        1030     -7.4223    -7.55496  0.00338186
        1031    -7.50919    -7.55492  0.00337887
        1032      -7.477    -7.55484  0.00337644
        1033    -7.48952    -7.55478  0.00337376
        1034    -7.54285    -7.55477  0.00337052
        1035    -7.61553    -7.55483  0.00336777
        1036    -7.59687    -7.55487  0.00336477
        1037    -7.59041     -7.5549   0.0033617
        1038    -7.52723    -7.55488  0.00335856
        1039    -7.59167    -7.55491  0.00335552
        1040    -7.73743    -7.55509  0.00335688
        1041    -7.72596    -7.55525  0.00335766
        1042    -7.59755    -7.55529  0.00335469
        1043    -7.59964    -7.55533  0.00335174
        1044    -7.50255    -7.55528  0.00334891
        1045    -7.49619    -7.55523  0.00334618
        1046    -7.51262    -7.55519  0.00334323
        1047    -7.49242    -7.55513  0.00334058
        1048    -7.47496    -7.55505  0.00333827
        1049    -7.47056    -7.55497  0.00333605
        1050    -7.52402    -7.55494  0.00333301
        1051    -7.54558    -7.55493  0.00332985
        1052     -7.5519    -7.55493  0.00332668
        1053    -7.57581    -7.55495  0.00332358
        1054    -7.53245    -7.55493   0.0033205
        1055    -7.53059     -7.5549  0.00331743
        1056    -7.54999     -7.5549  0.00331429
        1057    -7.54518    -7.55489  0.00331117
        1058    -7.50489    -7.55484  0.00330838
        1059    -7.48683    -7.55478  0.00330588
        1060    -7.55269    -7.55478  0.00330276
        1061     -7.4609    -7.55469  0.00330083
        1062    -7.48351    -7.55462   0.0032984
        1063    -7.49702    -7.55457  0.00329575
        1064    -7.51412    -7.55453  0.00329287
        1065    -7.52388     -7.5545   0.0032899
        1066    -7.51958    -7.55447  0.00328698
        1067    -7.62786    -7.55454  0.00328462
        1068    -7.53504    -7.55452  0.00328159
        1069    -7.50864    -7.55447   0.0032788
        1070    -7.50958    -7.55443  0.00327601
        1071    -7.50249    -7.55438  0.00327331
        1072    -7.57398     -7.5544  0.00327031
        1073    -7.64888    -7.55449  0.00326844
        1074    -7.69575    -7.55462  0.00326804
        1075     -7.6496    -7.55471   0.0032662
        1076     -7.6277    -7.55478  0.00326387
        1077    -7.67753    -7.55489  0.00326283
        1078    -7.68596    -7.55501  0.00326206
        1079    -7.67946    -7.55513  0.00326108
        1080    -7.64152    -7.55521  0.00325904
        1081    -7.58306    -7.55523  0.00325613
        1082    -7.60376    -7.55528  0.00325343
        1083    -7.60381    -7.55532  0.00325073
        1084    -7.56702    -7.55533  0.00324775
        1085    -7.59954    -7.55538  0.00324501
        1086    -7.61399    -7.55543  0.00324247
        1087    -7.56058    -7.55543  0.00323949
        1088    -7.61387    -7.55549  0.00323696
        1089    -7.59526    -7.55552   0.0032342
        1090    -7.61152    -7.55558  0.00323164
        1091    -7.60859    -7.55562  0.00322904
        1092    -7.49199    -7.55557  0.00322661
        1093    -7.56988    -7.55558  0.00322368
        1094    -7.58111     -7.5556  0.00322082
        1095    -7.54827     -7.5556  0.00321789
        1096    -7.48317    -7.55553  0.00321563
        1097    -7.51355    -7.55549  0.00321293
        1098    -7.44893    -7.55539  0.00321146
        1099    -7.38256    -7.55524  0.00321239
        1100    -7.46737    -7.55516  0.00321046
        1101    -7.51045    -7.55512   0.0032078
        1102    -7.54595    -7.55511   0.0032049
        1103    -7.46356    -7.55503  0.00320307
        1104    -7.44414    -7.55493  0.00320175
        1105    -7.44825    -7.55483   0.0032003
        1106    -7.48259    -7.55476  0.00319808
        1107    -7.52847    -7.55474  0.00319528
        1108    -7.57075    -7.55475  0.00319242
        1109    -7.49678     -7.5547  0.00318997
        1110    -7.53436    -7.55468  0.00318715
        1111    -7.53354    -7.55466  0.00318434
        1112    -7.49733    -7.55461  0.00318189
        1113    -7.53687     -7.5546  0.00317908
        1114    -7.56824    -7.55461  0.00317625
        1115     -7.5617    -7.55462   0.0031734
        1116    -7.55959    -7.55462  0.00317056
        1117    -7.54084    -7.55461  0.00316775
        1118    -7.53525    -7.55459  0.00316496
        1119     -7.4926    -7.55453  0.00316262
        1120    -7.40279     -7.5544   0.0031627
        1121    -7.40294    -7.55426  0.00316276
        1122    -7.35441    -7.55409  0.00316495
        1123     -7.4478    -7.55399  0.00316355
        1124    -7.52619    -7.55397  0.00316083
        1125    -7.49739    -7.55392  0.00315842
        1126    -7.50067    -7.55387  0.00315597
        1127    -7.55509    -7.55387  0.00315317
        1128    -7.56625    -7.55388  0.00315039
        1129     -7.5583    -7.55389  0.00314761
        1130    -7.55277    -7.55388  0.00314482
        1131    -7.58294    -7.55391  0.00314214
        1132    -7.57036    -7.55392   0.0031394
        1133    -7.60159    -7.55397  0.00313691
        1134    -7.56264    -7.55397  0.00313416
        1135    -7.59207    -7.55401  0.00313158
        1136     -7.5919    -7.55404    0.003129
        1137    -7.68277    -7.55415  0.00312829
        1138    -7.64767    -7.55424  0.00312662
        1139    -7.65772    -7.55433   0.0031252
        1140    -7.66017    -7.55442  0.00312383
        1141    -7.57602    -7.55444  0.00312115
        1142    -7.61639    -7.55449  0.00311889
        1143    -7.54833    -7.55449  0.00311617
        1144    -7.48509    -7.55443  0.00311403
        1145    -7.46312    -7.55435  0.00311234
        1146    -7.52977    -7.55433  0.00310969
        1147    -7.49657    -7.55428  0.00310739
        1148    -7.42864    -7.55417  0.00310661
        1149    -7.45731    -7.55408  0.00310505
        1150    -7.54542    -7.55407  0.00310236
        1151     -7.6106    -7.55412  0.00310005
        1152     -7.6534    -7.55421  0.00309856
        1153    -7.67254    -7.55431  0.00309757
        1154    -7.64154    -7.55439  0.00309581
        1155    -7.60315    -7.55443  0.00309342
        1156    -7.60565    -7.55447  0.00309106
        1157    -7.58635     -7.5545  0.00308851
        1158    -7.55944    -7.55451  0.00308584
        1159    -7.60321    -7.55455  0.00308347
        1160    -7.63649    -7.55462  0.00308162
        1161    -7.67502    -7.55472  0.00308071
        1162    -7.58343    -7.55475  0.00307816
        1163    -7.60542    -7.55479  0.00307582
        1164    -7.63582    -7.55486  0.00307396
        1165    -7.70273    -7.55499  0.00307394
        1166    -7.66739    -7.55508  0.00307282
        1167    -7.58388    -7.55511  0.00307029
        1168    -7.58111    -7.55513  0.00306774
        1169    -7.51327    -7.55509  0.00306532
        1170    -7.56571     -7.5551  0.00306272
        1171     -7.5354    -7.55509  0.00306015
        1172    -7.49429    -7.55504  0.00305797
        1173     -7.5183      -7.555  0.00305553
        1174    -7.52003    -7.55497  0.00305307
        1175    -7.54532    -7.55497  0.00305048
        1176    -7.61173    -7.55501  0.00304827
        1177    -7.59809    -7.55505   0.0030459
        1178     -7.5878    -7.55508  0.00304344
        1179    -7.60548    -7.55512  0.00304116
        1180      -7.613    -7.55517  0.00303898
        1181    -7.64352    -7.55525  0.00303733
        1182    -7.65295    -7.55533  0.00303588
        1183    -7.64272     -7.5554  0.00303421
        1184    -7.72057    -7.55554  0.00303486
        1185     -7.7093    -7.55567  0.00303507
        1186    -7.70622     -7.5558  0.00303516
        1187    -7.59202    -7.55583  0.00303276
        1188      -7.561    -7.55583  0.00303021
        1189    -7.52533    -7.55581  0.00302777
        1190    -7.60306    -7.55585  0.00302549
        1191    -7.58374    -7.55587  0.00302304
        1192    -7.54738    -7.55586  0.00302051
        1193    -7.58083    -7.55588  0.00301805
        1194    -7.60017    -7.55592  0.00301575
        1195    -7.46643    -7.55585  0.00301415
        1196    -7.45704    -7.55576  0.00301277
        1197    -7.37931    -7.55562  0.00301385
        1198    -7.43982    -7.55552  0.00301289
        1199      -7.482    -7.55546    0.003011
        1200    -7.50292    -7.55541  0.00300881
        1201    -7.53979     -7.5554  0.00300633
        1202     -7.5307    -7.55538   0.0030039
        1203    -7.48196    -7.55532  0.00300202
        1204    -7.49229    -7.55527  0.00299999
        1205    -7.44391    -7.55518  0.00299892
        1206    -7.42346    -7.55507  0.00299842
        1207    -7.41063    -7.55495  0.00299832
        1208    -7.45044    -7.55486  0.00299709
        1209    -7.48714     -7.5548  0.00299513
        1210    -7.45203    -7.55472  0.00299386
        1211    -7.50387    -7.55468  0.00299168
        1212    -7.48759    -7.55462  0.00298973
        1213     -7.4959    -7.55457  0.00298766
        1214    -7.48985    -7.55452  0.00298567
        1215    -7.48286    -7.55446   0.0029838
        1216    -7.50604    -7.55442  0.00298161
        1217    -7.48862    -7.55437  0.00297965
        1218    -7.46366    -7.55429  0.00297813
        1219    -7.44157     -7.5542  0.00297712
        1220    -7.47075    -7.55413  0.00297547
        1221    -7.51871     -7.5541  0.00297317
        1222    -7.62929    -7.55416  0.00297138
        1223    -7.59302     -7.5542  0.00296912
        1224    -7.59522    -7.55423  0.00296688
        1225    -7.52487    -7.55421  0.00296456
        1226    -7.43353    -7.55411  0.00296377
        1227    -7.49946    -7.55406  0.00296169
        1228    -7.54506    -7.55406  0.00295929
        1229    -7.56582    -7.55406   0.0029569
        1230    -7.55805    -7.55407  0.00295449
        1231    -7.52542    -7.55404  0.00295218
        1232    -7.57916    -7.55407  0.00294986
        1233    -7.56977    -7.55408  0.00294749
        1234    -7.58015     -7.5541  0.00294518
        1235    -7.56133     -7.5541   0.0029428
        1236    -7.57075    -7.55412  0.00294045
        1237    -7.46228    -7.55404  0.00293901
        1238    -7.48957    -7.55399   0.0029371
        1239    -7.45081    -7.55391  0.00293591
        1240    -7.42234     -7.5538  0.00293546
        1241    -7.38145    -7.55366  0.00293638
        1242    -7.35322     -7.5535  0.00293844
        1243    -7.40785    -7.55339  0.00293842
        1244    -7.44463     -7.5533  0.00293735
        1245    -7.48467    -7.55324  0.00293551
        1246     -7.4744    -7.55318  0.00293384
        1247    -7.50558    -7.55314  0.00293173
        1248    -7.45996    -7.55307  0.00293033
        1249    -7.47048      -7.553  0.00292873
        1250    -7.46479    -7.55293  0.00292724
        1251    -7.35056    -7.55277  0.00292937
        1252    -7.30377    -7.55257  0.00293377
        1253    -7.30936    -7.55237  0.00293784
        1254    -7.33024     -7.5522  0.00294084
        1255    -7.39484    -7.55207  0.00294117
        1256    -7.45944      -7.552  0.00293975
        1257     -7.4968    -7.55195  0.00293774
        1258    -7.41999    -7.55185  0.00293727
        1259     -7.3709    -7.55171  0.00293846
        1260    -7.46313    -7.55164  0.00293696
        1261    -7.47539    -7.55158  0.00293526
        1262    -7.47392    -7.55151  0.00293358
        1263    -7.45424    -7.55144  0.00293226
        1264    -7.45159    -7.55136  0.00293101
        1265    -7.45023    -7.55128  0.00292978
        1266    -7.45307     -7.5512  0.00292849
        1267    -7.56963    -7.55121  0.00292622
        1268    -7.62768    -7.55128  0.00292453
        1269    -7.61333    -7.55132  0.00292264
        1270    -7.55999    -7.55133  0.00292034
        1271    -7.62944    -7.55139  0.00291869
        1272    -7.53177    -7.55138  0.00291644
        1273    -7.59915    -7.55141  0.00291439
        1274    -7.55299    -7.55142   0.0029121
        1275    -7.52476    -7.55139  0.00290989
        1276    -7.54307    -7.55139  0.00290762
        1277    -7.60446    -7.55143  0.00290564
        1278    -7.55472    -7.55143  0.00290337
        1279    -7.48146    -7.55138  0.00290161
        1280    -7.48642    -7.55133  0.00289979
        1281    -7.56409    -7.55134  0.00289754
        1282    -7.62191    -7.55139  0.00289581
        1283    -7.57718    -7.55141  0.00289362
        1284    -7.61161    -7.55146  0.00289174
        1285    -7.59158    -7.55149  0.00288966
        1286     -7.6702    -7.55158  0.00288889
        1287    -7.63323    -7.55165  0.00288734
        1288    -7.64641    -7.55172  0.00288604
        1289    -7.61223    -7.55177  0.00288418
        1290    -7.64203    -7.55184  0.00288279
        1291    -7.64251    -7.55191  0.00288141
        1292    -7.61596    -7.55196  0.00287961
        1293    -7.61504    -7.55201   0.0028778
        1294    -7.58717    -7.55203   0.0028757
        1295    -7.54755    -7.55203  0.00287348
        1296    -7.55628    -7.55203  0.00287127
        1297    -7.56158    -7.55204  0.00286906
        1298    -7.54125    -7.55203  0.00286687
        1299    -7.47952    -7.55198   0.0028652
        1300    -7.56855    -7.55199  0.00286303
        1301    -7.63246    -7.55205  0.00286149
        1302    -7.60696    -7.55209  0.00285961
        1303    -7.56654     -7.5521  0.00285743
        1304    -7.52231    -7.55208  0.00285533
        1305    -7.52531    -7.55206  0.00285322
        1306    -7.61486    -7.55211  0.00285144
        1307     -7.5328    -7.55209   0.0028493
        1308     -7.6357    -7.55216  0.00284783
        1309     -7.6436    -7.55223  0.00284652
        1310    -7.57452    -7.55224  0.00284439
        1311    -7.60871    -7.55229  0.00284255
        1312     -7.5676     -7.5523  0.00284041
        1313    -7.52712    -7.55228  0.00283831
        1314    -7.54958    -7.55228  0.00283615
        1315    -7.56677    -7.55229  0.00283401
        1316    -7.56805     -7.5523  0.00283189
        1317    -7.58406    -7.55232  0.00282984
        1318    -7.55901    -7.55233   0.0028277
        1319     -7.5656    -7.55234  0.00282557
        1320    -7.59559    -7.55237  0.00282362
        1321    -7.62741    -7.55243  0.00282205
        1322    -7.74315    -7.55257   0.0028236
        1323    -7.68149    -7.55267  0.00282315
        1324     -7.6955    -7.55278  0.00282308
        1325    -7.68356    -7.55288  0.00282267
        1326    -7.64133    -7.55294  0.00282133
        1327    -7.60016    -7.55298  0.00281943
        1328    -7.61704    -7.55303  0.00281772
        1329    -7.62408    -7.55308  0.00281611
        1330    -7.60243    -7.55312  0.00281423
        1331      -7.604    -7.55316  0.00281238
        1332    -7.59731    -7.55319  0.00281046
        1333    -7.56753     -7.5532  0.00280838
        1334     -7.5746    -7.55322  0.00280632
        1335    -7.61724    -7.55326  0.00280462
        1336    -7.56316    -7.55327  0.00280253
        1337    -7.57782    -7.55329   0.0028005
        1338    -7.56992     -7.5533  0.00279843
        1339    -7.63233    -7.55336  0.00279697
        1340    -7.65225    -7.55344  0.00279585
        1341    -7.66637    -7.55352  0.00279503
        1342    -7.65452     -7.5536  0.00279396
        1343    -7.66158    -7.55368  0.00279304
        1344    -7.63031    -7.55373  0.00279154
        1345    -7.63586    -7.55379  0.00279014
        1346    -7.65582    -7.55387  0.00278909
        1347    -7.60574    -7.55391  0.00278729
        1348    -7.59871    -7.55394  0.00278542
        1349    -7.57538    -7.55396   0.0027834
        1350     -7.5781    -7.55398   0.0027814
        1351    -7.62519    -7.55403  0.00277984
        1352    -7.66248    -7.55411  0.00277894
        1353    -7.58301    -7.55413  0.00277697
        1354    -7.57676    -7.55415  0.00277496
        1355    -7.59613    -7.55418  0.00277309
        1356    -7.55242    -7.55418  0.00277104
        1357    -7.57415    -7.55419  0.00276904
        1358    -7.55924    -7.55419  0.00276701
        1359    -7.58533    -7.55422  0.00276506
        1360    -7.58979    -7.55424  0.00276315
        1361    -7.54254    -7.55423  0.00276114
        1362    -7.57132    -7.55425  0.00275914
        1363    -7.50193    -7.55421  0.00275738
        1364    -7.51165    -7.55418  0.00275554
        1365     -7.3944    -7.55406    0.002756
        1366     -7.3928    -7.55394  0.00275651
        1367    -7.42728    -7.55385  0.00275605
        1368    -7.47064    -7.55379  0.00275471
        1369    -7.48783    -7.55374  0.00275312
        1370    -7.47275    -7.55368  0.00275174
        1371    -7.49429    -7.55364  0.00275008
        1372    -7.48942    -7.55359  0.00274847
        1373     -7.5303    -7.55357  0.00274652
        1374    -7.56088    -7.55358  0.00274453
        1375    -7.61403    -7.55362  0.00274288
        1376    -7.59818    -7.55366  0.00274108
        1377    -7.48949    -7.55361  0.00273949
        1378    -7.48535    -7.55356  0.00273795
        1379     -7.5715    -7.55357  0.00273599
        1380    -7.62776    -7.55363  0.00273454
        1381    -7.63436    -7.55369  0.00273318
        1382    -7.59816    -7.55372  0.00273139
        1383    -7.61333    -7.55376  0.00272976
        1384    -7.68315    -7.55385  0.00272939
        1385     -7.6557    -7.55393  0.00272841
        1386    -7.64332    -7.55399   0.0027272
        1387    -7.64022    -7.55405  0.00272594
        1388    -7.59385    -7.55408  0.00272413
        1389    -7.52987    -7.55407  0.00272222
        1390    -7.53706    -7.55405  0.00272029
        1391    -7.54333    -7.55405  0.00271835
        1392     -7.6356     -7.5541  0.00271703
        1393    -7.65043    -7.55417  0.00271596
        1394    -7.62267    -7.55422  0.00271445
        1395    -7.57707    -7.55424  0.00271256
        1396    -7.55613    -7.55424  0.00271061
        1397    -7.53334    -7.55423  0.00270871
        1398    -7.55813    -7.55423  0.00270678
        1399    -7.55303    -7.55423  0.00270484
        1400    -7.61819    -7.55427   0.0027033
        1401    -7.62961    -7.55433   0.0027019
        1402    -7.66753    -7.55441  0.00270118
        1403    -7.66129    -7.55448  0.00270033
        1404    -7.55676    -7.55449  0.00269841
        1405    -7.57192     -7.5545  0.00269652
        1406    -7.61159    -7.55454   0.0026949
        1407    -7.63593     -7.5546  0.00269361
        1408    -7.61943    -7.55464  0.00269209
        1409    -7.66799    -7.55472  0.00269138
        1410    -7.64208    -7.55478  0.00269019
        1411    -7.62585    -7.55483  0.00268875
        1412    -7.64506     -7.5549   0.0026876
        1413    -7.59604    -7.55493  0.00268586
        1414    -7.55636    -7.55493  0.00268396
        1415     -7.4593    -7.55486  0.00268292
        1416    -7.58037    -7.55488  0.00268108
        1417    -7.57234    -7.55489  0.00267922
        1418    -7.62747    -7.55494  0.00267782
        1419    -7.66154    -7.55502  0.00267698
        1420    -7.64452    -7.55508  0.00267584
        1421    -7.66591    -7.55516  0.00267509
        1422    -7.67122    -7.55524  0.00267446
        1423    -7.70994    -7.55535  0.00267479
        1424    -7.76465     -7.5555  0.00267694
        1425    -7.67448    -7.55558  0.00267637
        1426    -7.68879    -7.55567  0.00267612
        1427    -7.70607    -7.55578  0.00267632
        1428     -7.7242     -7.5559  0.00267704
        1429    -7.69831      -7.556  0.00267702
        1430      -7.709     -7.5561  0.00267729
        1431    -7.74306    -7.55623   0.0026786
        1432    -7.79251     -7.5564  0.00268181
        1433    -7.77835    -7.55655  0.00268441
        1434    -7.77096     -7.5567   0.0026867
        1435    -7.80433    -7.55688  0.00269036
        1436    -7.76837    -7.55702  0.00269251
        1437    -7.77354    -7.55717  0.00269485
        1438    -7.71931    -7.55729  0.00269534
        1439    -7.73672    -7.55741  0.00269635
        1440    -7.64692    -7.55747  0.00269519
        1441    -7.62454    -7.55752  0.00269372
        1442    -7.64526    -7.55758  0.00269254
        1443    -7.68102    -7.55767  0.00269203
        1444    -7.70334    -7.55777  0.00269206
        1445    -7.67453    -7.55785  0.00269141
        1446    -7.67376    -7.55793  0.00269074
        1447     -7.6238    -7.55797  0.00268927
        1448    -7.59248      -7.558  0.00268751
        1449    -7.57459    -7.55801  0.00268568
        1450    -7.64422    -7.55807  0.00268449
        1451    -7.59523    -7.55809  0.00268276
        1452    -7.52984    -7.55807  0.00268098
        1453    -7.49463    -7.55803   0.0026795
        1454    -7.50879      -7.558  0.00267787
        1455    -7.51833    -7.55797  0.00267616
        1456    -7.47014    -7.55791  0.00267501
        1457    -7.48671    -7.55786  0.00267362
        1458    -7.53169    -7.55784  0.00267184
        1459     -7.5034    -7.55781  0.00267027
        1460    -7.44814    -7.55773   0.0026695
        1461    -7.47675    -7.55767  0.00266825
        1462    -7.49273    -7.55763  0.00266679
        1463    -7.41501    -7.55753  0.00266675
        1464    -7.43329    -7.55745  0.00266628
        1465    -7.45889    -7.55738  0.00266531
        1466    -7.39032    -7.55727  0.00266593
        1467    -7.44864    -7.55719  0.00266514
        1468    -7.38578    -7.55708  0.00266588
        1469    -7.45936    -7.55701  0.00266489
        1470    -7.46222    -7.55694  0.00266386
        1471    -7.45773    -7.55688   0.0026629
        1472    -7.45149    -7.55681  0.00266206
        1473    -7.46352    -7.55674    0.002661
        1474    -7.50275    -7.55671  0.00265945
        1475    -7.41362    -7.55661  0.00265941
        1476    -7.40976    -7.55651  0.00265947
        1477    -7.44824    -7.55644  0.00265868
        1478    -7.50803     -7.5564  0.00265709
        1479    -7.43269    -7.55632  0.00265661
        1480     -7.4523    -7.55625  0.00265574
        1481    -7.40704    -7.55615  0.00265586
        1482    -7.42747    -7.55606  0.00265548
        1483    -7.43374    -7.55598  0.00265497
        1484    -7.47291    -7.55592  0.00265377
        1485    -7.51622     -7.5559  0.00265212
        1486    -7.47793    -7.55584  0.00265086
        1487    -7.44829    -7.55577  0.00265006
        1488    -7.38801    -7.55566  0.00265068
        1489    -7.30812    -7.55549   0.0026541
        1490    -7.29797    -7.55532  0.00265794
        1491    -7.27654    -7.55513  0.00266273
        1492    -7.30387    -7.55496  0.00266627
        1493    -7.23736    -7.55475  0.00267295
        1494     -7.2619    -7.55456  0.00267834
        1495     -7.3097    -7.55439  0.00268155
        1496    -7.28394    -7.55421  0.00268585
        1497    -7.42508    -7.55413  0.00268544
        1498    -7.43333    -7.55404  0.00268486
        1499    -7.47521    -7.55399  0.00268358
        1500       -7.53    -7.55398  0.00268184
        1501    -7.45657    -7.55391  0.00268084
        1502    -7.46823    -7.55385  0.00267966
        1503    -7.35099    -7.55372  0.00268127
        1504    -7.35029    -7.55358   0.0026829
        1505     -7.3418    -7.55344  0.00268481
        1506    -7.38882    -7.55333  0.00268525
        1507       -7.45    -7.55327  0.00268434
        1508    -7.46926    -7.55321  0.00268314
        1509     -7.4555    -7.55314  0.00268214
        1510    -7.44352    -7.55307  0.00268135
        1511    -7.43318    -7.55299  0.00268075
        1512    -7.39638    -7.55289  0.00268097
        1513    -7.43561    -7.55281  0.00268032
        1514    -7.42932    -7.55273  0.00267979
        1515    -7.43201    -7.55265  0.00267921
        1516    -7.41233    -7.55256  0.00267904
        1517    -7.48109    -7.55251  0.00267769
        1518    -7.42302    -7.55243  0.00267728
        1519     -7.3986    -7.55232  0.00267743
        1520    -7.45056    -7.55226  0.00267651
        1521    -7.47683    -7.55221  0.00267521
        1522    -7.49185    -7.55217  0.00267375
        1523     -7.5142    -7.55214  0.00267211
        1524    -7.51729    -7.55212  0.00267045
        1525    -7.59299    -7.55215  0.00266883
        1526    -7.61813    -7.55219  0.00266744
        1527    -7.70803    -7.55229  0.00266764
        1528    -7.67253    -7.55237  0.00266706
        1529    -7.65497    -7.55244  0.00266615
        1530     -7.6356    -7.55249  0.00266497
        1531    -7.56006     -7.5525  0.00266323
        1532    -7.51675    -7.55247  0.00266159
        1533    -7.54757    -7.55247  0.00265986
        1534    -7.54517    -7.55247  0.00265813
        1535    -7.49066    -7.55243   0.0026567
        1536    -7.49521    -7.55239  0.00265523
        1537    -7.45771    -7.55233  0.00265422
        1538    -7.50737     -7.5523  0.00265266
        1539      -7.441    -7.55223  0.00265192
        1540    -7.40236    -7.55213  0.00265198
        1541    -7.45965    -7.55207  0.00265094
        1542    -7.46237    -7.55201  0.00264986
        1543    -7.43675    -7.55194  0.00264919
        1544     -7.4981     -7.5519  0.00264771
        1545    -7.47334    -7.55185  0.00264648
        1546    -7.39661    -7.55175  0.00264667
        1547    -7.40665    -7.55166  0.00264663
        1548    -7.45602    -7.55159  0.00264564
        1549    -7.39742    -7.55149   0.0026458
        1550    -7.35051    -7.55136  0.00264727
        1551    -7.35488    -7.55124  0.00264859
        1552    -7.34117     -7.5511  0.00265034
        1553    -7.44855    -7.55104  0.00264946
        1554    -7.38269    -7.55093  0.00264997
        1555     -7.3243    -7.55078  0.00265227
        1556    -7.36951    -7.55067  0.00265312
        1557    -7.40704    -7.55057  0.00265302
        1558    -7.47407    -7.55052  0.00265177
        1559    -7.53079    -7.55051   0.0026501
        1560     -7.4809    -7.55047  0.00264878
        1561    -7.44417     -7.5504  0.00264795
        1562    -7.45234    -7.55034    0.002647
        1563    -7.47771    -7.55029  0.00264572
        1564     -7.4816    -7.55025  0.00264439
        1565    -7.44816    -7.55018  0.00264351
        1566    -7.43406    -7.55011  0.00264286
        1567    -7.50106    -7.55008  0.00264136
        1568    -7.51219    -7.55005  0.00263978
        1569    -7.56793    -7.55006  0.00263812
        1570    -7.59806    -7.55009  0.00263662
        1571    -7.58895    -7.55012  0.00263506
        1572    -7.56491    -7.55013   0.0026334
        1573    -7.50225     -7.5501   0.0026319
        1574    -7.54706    -7.55009  0.00263023
        1575    -7.52867    -7.55008  0.00262859
        1576    -7.56539    -7.55009  0.00262694
        1577    -7.52504    -7.55007  0.00262533
        1578    -7.57837    -7.55009  0.00262372
        1579    -7.57328    -7.55011   0.0026221
        1580    -7.55113    -7.55011  0.00262044
        1581    -7.51514    -7.55009  0.00261888
        1582    -7.55622    -7.55009  0.00261723
        1583     -7.5399    -7.55008  0.00261558
        1584    -7.59256    -7.55011  0.00261407
        1585    -7.54587    -7.55011  0.00261242
        1586    -7.51409    -7.55008  0.00261087
        1587    -7.61264    -7.55012  0.00260952
        1588    -7.52241    -7.55011  0.00260794
        1589    -7.48528    -7.55007  0.00260662
        1590    -7.52127    -7.55005  0.00260504
        1591    -7.55678    -7.55005  0.00260341
        1592    -7.58676    -7.55008  0.00260187
        1593    -7.58166     -7.5501  0.00260032
        1594    -7.58676    -7.55012  0.00259879
        1595    -7.52637     -7.5501   0.0025972
        1596    -7.44281    -7.55004  0.00259644
        1597    -7.48814       -7.55  0.00259511
        1598    -7.52355    -7.54998  0.00259353
        1599    -7.58765       -7.55  0.00259202
        1600    -7.59677    -7.55003  0.00259056
        1601    -7.59426    -7.55006  0.00258909
        1602    -7.58933    -7.55009  0.00258759
        1603    -7.59376    -7.55011  0.00258612
        1604    -7.62041    -7.55016  0.00258488
        1605     -7.6653    -7.55023  0.00258427
        1606    -7.65139    -7.55029  0.00258342
        1607    -7.65968    -7.55036  0.00258271
        1608    -7.68471    -7.55044  0.00258246
        1609    -7.59398    -7.55047    0.002581
        1610    -7.58787    -7.55049   0.0025795
        1611    -7.58574    -7.55052  0.00257799
        1612    -7.56645    -7.55053  0.00257641
        1613    -7.51735     -7.5505  0.00257489
        1614    -7.48182    -7.55046  0.00257365
        1615    -7.46916    -7.55041  0.00257255
        1616     -7.5036    -7.55038  0.00257112
        1617    -7.50887    -7.55036  0.00256966
        1618    -7.53863    -7.55035  0.00256808
        1619    -7.55941    -7.55036   0.0025665
        1620     -7.5902    -7.55038  0.00256503
        1621    -7.62328    -7.55042  0.00256384
        1622      -7.639    -7.55048  0.00256285
        1623    -7.69161    -7.55057  0.00256274
        1624    -7.68667    -7.55065  0.00256253
        1625     -7.7103    -7.55075  0.00256284
        1626    -7.68356    -7.55083  0.00256256
        1627    -7.61683    -7.55087  0.00256131
        1628    -7.60401     -7.5509  0.00255994
        1629    -7.60623    -7.55094   0.0025586
        1630    -7.63186    -7.55099  0.00255751
        1631    -7.53227    -7.55098  0.00255597
        1632    -7.53632    -7.55097  0.00255442
        1633    -7.54113    -7.55096  0.00255286
        1634     -7.5167    -7.55094  0.00255138
        1635    -7.47277    -7.55089  0.00255027
        1636    -7.56449     -7.5509  0.00254873
        1637    -7.47654    -7.55085  0.00254757
        1638     -7.4159    -7.55077  0.00254735
        1639    -7.41695    -7.55069   0.0025471
        1640    -7.39989     -7.5506  0.00254721
        1641    -7.45215    -7.55054  0.00254636
        1642    -7.41283    -7.55045  0.00254619
        1643    -7.47639    -7.55041  0.00254504
        1644    -7.37983    -7.55031  0.00254561
        1645    -7.37958     -7.5502  0.00254618
        1646    -7.37711     -7.5501   0.0025468
        1647    -7.29477    -7.54994  0.00254997
        1648    -7.27532    -7.54978  0.00255386
        1649    -7.25648     -7.5496   0.0025585
        1650    -7.29945    -7.54945  0.00256143
        1651    -7.34537    -7.54932  0.00256286
        1652    -7.29581    -7.54917   0.0025659
        1653    -7.33117    -7.54904  0.00256774
        1654    -7.35115    -7.54892  0.00256897
        1655    -7.35904     -7.5488  0.00256998
        1656    -7.35955    -7.54869  0.00257097
        1657     -7.3437    -7.54856  0.00257239
        1658    -7.35399    -7.54845  0.00257351
        1659    -7.40146    -7.54836  0.00257349
        1660    -7.32317    -7.54822  0.00257551
        1661    -7.25421    -7.54805  0.00258004
        1662    -7.31972    -7.54791  0.00258214
        1663    -7.34757    -7.54779  0.00258339
        1664    -7.35714    -7.54767  0.00258438
        1665    -7.42483     -7.5476  0.00258388
        1666    -7.49407    -7.54757  0.00258253
        1667     -7.4619    -7.54752  0.00258149
        1668    -7.39267    -7.54742  0.00258161
        1669    -7.43361    -7.54736  0.00258097
        1670    -7.41805    -7.54728  0.00258058
        1671    -7.38672    -7.54718  0.00258083
        1672    -7.36868    -7.54707  0.00258149
        1673    -7.36006    -7.54696  0.00258237
        1674     -7.3748    -7.54686  0.00258287
        1675    -7.41546    -7.54678  0.00258252
        1676    -7.39852    -7.54669  0.00258249
        1677    -7.44643    -7.54663  0.00258165
        1678    -7.48634     -7.5466  0.00258036
        1679    -7.57679    -7.54662  0.00257888
        1680    -7.52556     -7.5466  0.00257738
        1681     -7.6432    -7.54666  0.00257649
        1682    -7.65796    -7.54673   0.0025758
        1683    -7.57468    -7.54674  0.00257433
        1684    -7.47714     -7.5467  0.00257313
        1685     -7.5269    -7.54669  0.00257163
        1686    -7.52411    -7.54668  0.00257014
        1687    -7.49661    -7.54665  0.00256879
        1688    -7.47994    -7.54661  0.00256757
        1689    -7.44222    -7.54655  0.00256679
        1690    -7.45024    -7.54649  0.00256591
        1691    -7.45408    -7.54643  0.00256497
        1692    -7.47513    -7.54639   0.0025638
        1693    -7.40868    -7.54631  0.00256358
        1694    -7.38737    -7.54622  0.00256378
        1695    -7.49426    -7.54619  0.00256245
        1696    -7.55288    -7.54619  0.00256094
        1697     -7.5766    -7.54621   0.0025595
        1698    -7.52841     -7.5462  0.00255801
        1699    -7.49552    -7.54617  0.00255668
        1700    -7.48864    -7.54613   0.0025554
        1701    -7.45927    -7.54608  0.00255441
        1702     -7.4926    -7.54605   0.0025531
        1703    -7.50779    -7.54603   0.0025517
        1704      -7.568    -7.54604  0.00255023
        1705    -7.59094    -7.54607  0.00254887
        1706      -7.568    -7.54608  0.00254741
        1707    -7.53375    -7.54607  0.00254593
        1708    -7.54482    -7.54607  0.00254444
        1709    -7.57811    -7.54609  0.00254302
        1710    -7.48384    -7.54606  0.00254179
        1711    -7.48215    -7.54602  0.00254058
        1712     -7.5906    -7.54604  0.00253923
        1713    -7.58814    -7.54607  0.00253787
        1714    -7.57446    -7.54609  0.00253644
        1715     -7.4831    -7.54605  0.00253523
        1716    -7.46082      -7.546  0.00253424
        1717    -7.45327    -7.54594  0.00253334
        1718    -7.53147    -7.54594  0.00253188
        1719    -7.53102    -7.54593  0.00253042
        1720    -7.58235    -7.54595  0.00252904
        1721     -7.5494    -7.54595  0.00252757
        1722    -7.59322    -7.54598  0.00252625
        1723    -7.60256    -7.54601    0.002525
        1724    -7.54782    -7.54601  0.00252353
        1725    -7.57514    -7.54603  0.00252212
        1726    -7.56608    -7.54604  0.00252069
        1727    -7.55077    -7.54604  0.00251923
        1728     -7.6414     -7.5461  0.00251838
        1729    -7.70147    -7.54619  0.00251852
        1730    -7.69761    -7.54628  0.00251859
        1731    -7.72465    -7.54638  0.00251924
        1732      -7.741    -7.54649  0.00252029
        1733    -7.76055    -7.54662  0.00252186
        1734    -7.70821    -7.54671  0.00252213
        1735    -7.68684    -7.54679  0.00252197
        1736    -7.63285    -7.54684    0.002521
        1737    -7.65129     -7.5469  0.00252027
        1738    -7.64732    -7.54696  0.00251948
        1739    -7.60033    -7.54699  0.00251822
        1740    -7.56137      -7.547  0.00251678
        1741    -7.60026    -7.54703  0.00251553
        1742    -7.59202    -7.54705  0.00251421
        1743    -7.60396    -7.54708  0.00251298
        1744    -7.66103    -7.54715  0.00251239
        1745    -7.59175    -7.54718  0.00251108
        1746    -7.54716    -7.54718  0.00250964
        1747     -7.4905    -7.54714  0.00250842
        1748     -7.5564    -7.54715  0.00250699
        1749    -7.52893    -7.54714  0.00250558
        1750     -7.6085    -7.54717  0.00250439
        1751    -7.53935    -7.54717  0.00250296
        1752    -7.60081     -7.5472  0.00250172
        1753    -7.61262    -7.54724  0.00250057
        1754     -7.5999    -7.54727  0.00249933
        1755    -7.62913    -7.54731  0.00249834
        1756    -7.64388    -7.54737  0.00249752
        1757    -7.59738     -7.5474  0.00249626
        1758    -7.62065    -7.54744  0.00249519
        1759    -7.62892    -7.54748   0.0024942
        1760    -7.64262    -7.54754  0.00249337
        1761    -7.71897    -7.54764  0.00249385
        1762    -7.71625    -7.54773  0.00249427
        1763    -7.70945    -7.54782  0.00249454
        1764    -7.61988    -7.54786  0.00249346
        1765    -7.64258    -7.54792  0.00249263
        1766    -7.58228    -7.54794  0.00249129
        1767    -7.57029    -7.54795  0.00248992
        1768    -7.57453    -7.54796  0.00248855
        1769    -7.58732    -7.54799  0.00248725
        1770    -7.63913    -7.54804  0.00248637
        1771    -7.68109    -7.54811   0.0024861
        1772    -7.60309    -7.54814   0.0024849
        1773    -7.63542    -7.54819  0.00248398
        1774    -7.59563    -7.54822  0.00248272
        1775    -7.56097    -7.54823  0.00248134
        1776    -7.52226    -7.54821  0.00247998
        1777    -7.53111     -7.5482  0.00247861
        1778     -7.6181    -7.54824  0.00247752
        1779    -7.58175    -7.54826   0.0024762
        1780     -7.5946    -7.54829  0.00247495
        1781    -7.56215     -7.5483  0.00247357
        1782    -7.56374     -7.5483   0.0024722
        1783    -7.61433    -7.54834  0.00247109
        1784    -7.56293    -7.54835  0.00246972
        1785    -7.56603    -7.54836  0.00246835
        1786    -7.53328    -7.54835  0.00246699
        1787    -7.57469    -7.54837  0.00246565
        1788    -7.60297     -7.5484  0.00246446
        1789    -7.61266    -7.54843  0.00246334
        1790    -7.66205     -7.5485  0.00246278
        1791    -7.74043     -7.5486  0.00246374
        1792    -7.79464    -7.54874  0.00246619
        1793    -7.65027     -7.5488  0.00246546
        1794    -7.56306     -7.5488   0.0024641
        1795     -7.5193    -7.54879  0.00246278
        1796    -7.53764    -7.54878  0.00246142
        1797    -7.50412    -7.54876  0.00246018
        1798    -7.46836    -7.54871  0.00245921
        1799    -7.43223    -7.54865   0.0024587
        1800    -7.45935     -7.5486  0.00245783
        1801    -7.44246    -7.54854  0.00245717
        1802    -7.49289    -7.54851  0.00245601
        1803    -7.49021    -7.54848  0.00245486
        1804    -7.49294    -7.54845  0.00245369
        1805    -7.50093    -7.54842  0.00245247
        1806    -7.53885    -7.54841  0.00245112
        1807    -7.49973    -7.54839  0.00244991
        1808    -7.54285    -7.54838  0.00244856
        1809    -7.45968    -7.54833  0.00244769
        1810    -7.42441    -7.54827   0.0024473
        1811     -7.4721    -7.54822  0.00244631
        1812    -7.45393    -7.54817  0.00244551
        1813    -7.48385    -7.54814  0.00244442
        1814    -7.46313    -7.54809  0.00244352
        1815     -7.4751    -7.54805  0.00244251
        1816    -7.46809    -7.54801  0.00244156
        1817    -7.43707    -7.54794  0.00244098
        1818    -7.40246    -7.54786  0.00244095
        1819    -7.48037    -7.54783  0.00243989
        1820    -7.53573    -7.54782  0.00243856
        1821     -7.5984    -7.54785  0.00243737
        1822    -7.60428    -7.54788  0.00243623
        1823    -7.56534    -7.54789  0.00243492
        1824    -7.54665    -7.54789  0.00243358
        1825    -7.54935    -7.54789  0.00243225
        1826    -7.46642    -7.54784  0.00243133
        1827    -7.52455    -7.54783  0.00243003
        1828    -7.48573     -7.5478  0.00242894
        1829    -7.46793    -7.54775    0.002428
        1830    -7.56504    -7.54776  0.00242669
        1831    -7.59156    -7.54779  0.00242548
        1832    -7.61053    -7.54782   0.0024244
        1833    -7.61873    -7.54786  0.00242339
        1834     -7.6031    -7.54789  0.00242225
        1835    -7.58642    -7.54791  0.00242102
        1836    -7.60617    -7.54794  0.00241991
        1837    -7.65373      -7.548  0.00241928
        1838    -7.61277    -7.54804  0.00241822
        1839    -7.64903    -7.54809  0.00241753
        1840    -7.60119    -7.54812  0.00241639
        1841    -7.53633    -7.54811  0.00241509
        1842    -7.57541    -7.54813  0.00241382
        1843    -7.58495    -7.54815  0.00241259
        1844    -7.58299    -7.54817  0.00241136
        1845     -7.5286    -7.54816  0.00241007
        1846    -7.44924     -7.5481  0.00240936
        1847    -7.45842    -7.54805  0.00240855
        1848    -7.47653    -7.54802  0.00240756
        1849    -7.49347    -7.54799  0.00240644
        1850     -7.4803    -7.54795  0.00240541
        1851    -7.57505    -7.54796  0.00240416
        1852     -7.6217      -7.548  0.00240319
        1853     -7.6202    -7.54804  0.00240221
        1854    -7.62718    -7.54809  0.00240129
        1855    -7.60632    -7.54812   0.0024002
        1856    -7.63735    -7.54817  0.00239939
        1857    -7.62528    -7.54821  0.00239846
        1858    -7.54218     -7.5482  0.00239717
        1859    -7.59896    -7.54823  0.00239604
        1860    -7.60576    -7.54826  0.00239495
        1861    -7.67186    -7.54833  0.00239458
        1862    -7.60442    -7.54836  0.00239348
        1863     -7.5351    -7.54835  0.00239221
        1864    -7.54133    -7.54835  0.00239093
        1865    -7.58282    -7.54837  0.00238972
        1866    -7.57188    -7.54838  0.00238847
        1867    -7.63038    -7.54842   0.0023876
        1868    -7.63904    -7.54847  0.00238681
        1869    -7.65423    -7.54853   0.0023862
        1870     -7.6587    -7.54859  0.00238566
        1871    -7.71329    -7.54867    0.002386
        1872    -7.68036    -7.54874  0.00238577
        1873    -7.71528    -7.54883  0.00238615
        1874    -7.64885    -7.54889  0.00238547
        1875    -7.66627    -7.54895  0.00238502
        1876    -7.57707    -7.54896   0.0023838
        1877    -7.64169    -7.54901  0.00238304
        1878    -7.66067    -7.54907  0.00238251
        1879    -7.66949    -7.54914  0.00238211
        1880    -7.67599    -7.54921  0.00238179
        1881    -7.70878    -7.54929  0.00238204
        1882    -7.67502    -7.54936  0.00238171
        1883    -7.61197    -7.54939  0.00238068
        1884    -7.64983    -7.54944  0.00238001
        1885    -7.62018    -7.54948  0.00237904
        1886    -7.73097    -7.54958  0.00237973
        1887    -7.81013    -7.54972  0.00238247
        1888    -7.79527    -7.54985  0.00238475
        1889     -7.7953    -7.54998  0.00238703
        1890    -7.69704    -7.55005  0.00238703
        1891    -7.67773    -7.55012  0.00238673
        1892    -7.73971    -7.55022  0.00238757
        1893    -7.71119    -7.55031  0.00238782
        1894    -7.65782    -7.55036  0.00238723
        1895    -7.69295    -7.55044  0.00238716
        1896    -7.70979    -7.55052  0.00238738
        1897    -7.74219    -7.55062  0.00238826
        1898    -7.69941     -7.5507  0.00238829
        1899    -7.74943    -7.55081  0.00238932
        1900    -7.72244     -7.5509  0.00238977
        1901    -7.66132    -7.55095  0.00238922
        1902    -7.62524    -7.55099  0.00238828
        1903    -7.70032    -7.55107  0.00238831
        1904    -7.70018    -7.55115  0.00238834
        1905    -7.60878    -7.55118  0.00238728
        1906    -7.60465    -7.55121  0.00238619
        1907    -7.64387    -7.55126  0.00238544
        1908     -7.6625    -7.55132   0.0023849
        1909    -7.67013    -7.55138  0.00238446
        1910    -7.72192    -7.55147  0.00238489
        1911    -7.72622    -7.55156  0.00238539
        1912    -7.72219    -7.55165  0.00238581
        1913    -7.62372    -7.55169  0.00238486
        1914     -7.6381    -7.55173  0.00238404
        1915    -7.63872    -7.55178  0.00238323
        1916    -7.72622    -7.55187  0.00238372
        1917    -7.73875    -7.55196  0.00238447
        1918    -7.66299    -7.55202  0.00238393
        1919     -7.5649    -7.55203   0.0023827
        1920    -7.59844    -7.55205  0.00238158
        1921    -7.50389    -7.55203  0.00238047
        1922    -7.58427    -7.55204  0.00237929
        1923    -7.61016    -7.55207  0.00237825
        1924    -7.54334    -7.55207  0.00237702
        1925    -7.53862    -7.55206  0.00237579
        1926     -7.5259    -7.55205   0.0023746
        1927     -7.4548      -7.552   0.0023739
        1928    -7.49294    -7.55197  0.00237287
        1929    -7.51685    -7.55195  0.00237171
        1930    -7.46091     -7.5519  0.00237095
        1931    -7.49177    -7.55187  0.00236993
        1932    -7.40848     -7.5518  0.00236986
        1933    -7.45188    -7.55175   0.0023692
        1934    -7.47505    -7.55171  0.00236831
        1935    -7.42624    -7.55164  0.00236797
        1936      -7.501    -7.55162  0.00236689
        1937    -7.43711    -7.55156  0.00236641
        1938    -7.42995    -7.55149  0.00236602
        1939    -7.52017    -7.55148  0.00236485
        1940    -7.57644    -7.55149  0.00236367
        1941    -7.62658    -7.55153  0.00236277
        1942    -7.57733    -7.55154  0.00236159
        1943    -7.54114    -7.55154  0.00236038
        1944     -7.4679    -7.55149  0.00235956
        1945    -7.51059    -7.55147  0.00235844
        1946    -7.52216    -7.55146  0.00235727
        1947    -7.50273    -7.55143  0.00235619
        1948    -7.53597    -7.55143    0.002355
        1949    -7.65132    -7.55148  0.00235435
        1950     -7.5783    -7.55149  0.00235318
        1951    -7.56071    -7.55149  0.00235198
        1952    -7.48777    -7.55146    0.002351
        1953    -7.57352    -7.55147  0.00234982
        1954    -7.56702    -7.55148  0.00234864
        1955    -7.53777    -7.55147  0.00234744
        1956     -7.5814    -7.55149  0.00234629
        1957    -7.57621     -7.5515  0.00234513
        1958    -7.53925     -7.5515  0.00234394
        1959    -7.55982     -7.5515  0.00234275
        1960    -7.57612    -7.55151  0.00234159
        1961    -7.52973     -7.5515  0.00234042
        1962    -7.54888     -7.5515  0.00233923
        1963    -7.56749    -7.55151  0.00233805
        1964    -7.57934    -7.55152   0.0023369
        1965    -7.56493    -7.55153  0.00233572
        1966    -7.55512    -7.55153  0.00233453
        1967    -7.47243    -7.55149  0.00233369
        1968    -7.51009    -7.55147   0.0023326
        1969    -7.50861    -7.55145  0.00233152
        1970    -7.57886    -7.55146  0.00233038
        1971    -7.53508    -7.55145  0.00232921
        1972    -7.57497    -7.55147  0.00232806
        1973    -7.63105    -7.55151  0.00232723
        1974    -7.66895    -7.55157  0.00232681
        1975    -7.66025    -7.55162  0.00232628
        1976    -7.53126    -7.55161  0.00232513
        1977    -7.58858    -7.55163  0.00232403
        1978    -7.59412    -7.55165  0.00232295
        1979    -7.59253    -7.55167  0.00232187
        1980    -7.62867    -7.55171  0.00232102
        1981    -7.60489    -7.55174  0.00232001
        1982    -7.53051    -7.55173  0.00231886
        1983     -7.4937     -7.5517  0.00231788
        1984    -7.54133    -7.55169  0.00231671
        1985    -7.58529    -7.55171  0.00231561
        1986    -7.65311    -7.55176    0.002315
        1987    -7.70497    -7.55184  0.00231512
        1988    -7.65899    -7.55189  0.00231459
        1989    -7.72783    -7.55198  0.00231511
        1990    -7.70022    -7.55205  0.00231515
        1991    -7.71926    -7.55214  0.00231551
        1992    -7.67424     -7.5522  0.00231516
        1993    -7.78232    -7.55231  0.00231687
        1994     -7.7643    -7.55242  0.00231815
        1995    -7.68718    -7.55249  0.00231797
        1996    -7.73031    -7.55258  0.00231852
        1997    -7.67178    -7.55264  0.00231813
        1998    -7.66354    -7.55269  0.00231763
        1999    -7.58678    -7.55271  0.00231653
        2000    -7.64913    -7.55276  0.00231588
