0 985.692
1 949.556
2 902.39
3 862.232
4 835.418
5 811.5
6 795.272
7 775.494
8 756.484
9 756.08
10 741.384
11 731.794
12 722.442
13 704.268
14 690.04
15 672.956
16 665.558
17 659.98
18 650.052
19 639.428
20 638.058
21 630.584
22 624.308
23 614.69
24 610.924
25 604.744
26 596.338
27 589.578
28 583.736
29 573.528
30 566.904
31 560.316
32 555.784
33 551.544
34 545.57
35 539.84
36 535.038
37 531.448
38 527.984
39 521.526
40 519.258
41 515.716
42 511.686
43 505.254
44 503.14
45 500.698
46 501.236
47 494.48
48 489.124
49 483.958
50 480.09
51 478.82
52 477.94
53 476.214
54 467.936
55 465.546
56 455.594
57 451.138
58 448.214
59 449.05
60 447.806
61 449.734
62 446.026
63 440.406
64 442.664
65 440.056
66 433.824
67 431.158
68 429.824
69 429.632
70 425.174
71 422.742
72 422.138
73 419.264
74 416.964
75 411.04
76 411.116
77 406.164
78 401.9
79 398.288
80 395.27
81 393.796
82 396.508
83 394.78
84 394.07
85 390.842
86 390.186
87 386.14
88 383.142
89 379.98
90 378.754
91 379.698
92 379.134
93 378.174
94 379.244
95 376.69
96 377.988
97 375.712
98 372.962
99 367.016
100 368.558
101 366.928
102 364.932
103 361.916
104 363.382
105 361.858
106 361.362
107 363.622
108 364.022
109 363.888
110 365.25
111 359.2
112 357.208
113 359.054
114 358.334
115 356.666
116 353.96
117 353.358
118 350.406
119 348.952
120 346.844
121 347.72
122 347.976
123 347.658
124 345.068
125 342.124
126 342.388
127 341.846
128 339.356
129 336.882
130 336.128
131 336.918
132 336.754
133 333.842
134 328.22
135 325.206
136 326.41
137 326.472
138 322.292
139 322.504
140 321.38
141 319.714
142 321.628
143 321.524
144 320.66
145 319.162
146 319.768
147 317.248
148 316.52
149 316.466
150 318.284
151 318.802
152 318.49
153 318.548
154 318.7
155 320.592
156 318.782
157 315.212
158 314.48
159 314.408
160 312.052
161 311.076
162 312.956
163 315.148
164 313.122
165 312.764
166 313.086
167 312.386
168 312.172
169 313.922
170 312.728
171 309.184
172 307.326
173 304.42
174 305.066
175 306.918
176 302.924
177 303.266
178 302.86
179 301.106
180 301.446
181 302.036
182 299.742
183 300.852
184 299.864
185 301.422
186 300.838
187 300.19
188 299.9
189 299.928
190 302.518
191 300.5
192 299.052
193 300.568
194 299.42
195 298.268
196 294.252
197 292.122
198 291.062
199 291.052
200 291.412
201 291.874
202 291.884
203 294.48
204 295.188
205 292.822
206 289.766
207 288.726
208 289.726
209 289.71
210 291.198
211 288.178
212 286.826
213 291.058
214 290.086
215 290.116
216 291.664
217 295.142
218 287.996
219 287.986
220 289.234
221 286.84
222 286.82
223 289.352
224 295.618
225 289.564
226 290.966
227 291.644
228 289.852
229 289.424
230 289.098
231 293.53
232 294.92
233 288.77
234 290.356
235 288.948
236 290.25
237 286.25
238 287.45
239 287.45
240 289.604
241 290.734
242 291.168
243 294.116
244 293.812
245 293.352
246 291.366
247 292.312
248 289.758
249 289.196
250 289.406
251 289.39
252 288.55
253 288.776
254 288.412
255 284.804
256 284.8
257 288.614
258 290
259 290.202
260 290.79
261 287.8
262 285.652
263 288.5
264 288.872
265 288.77
266 286.514
267 286.758
268 284.43
269 284.414
270 286.9
271 290.306
272 287.244
273 290.52
274 293.408
275 288.012
276 292.002
277 288.154
278 288.844
279 290.414
280 288.002
281 287.186
282 283.9
283 284.896
284 284.78
285 285.514
286 289.318
287 286.944
288 285.174
289 285.1
290 291.458
291 291.426
292 288.342
293 286.802
294 286.382
295 286.524
296 290.014
297 288.784
298 291.168
299 289.99
300 288.86
301 288.304
302 285.41
303 286.674
304 284.106
305 283.88
306 287.178
307 285.464
308 285.888
309 285.208
310 286.32
311 284.868
312 283.5
313 283.64
314 283.828
315 284.236
316 285.766
317 284.24
318 289.12
319 286.304
320 285.894
321 284.99
322 284.124
323 281.844
324 284.554
325 283.51
326 281.342
327 283.756
328 285.514
329 289.922
330 284.918
331 284.774
332 284.908
333 283.232
334 283.942
335 282.198
336 283.712
337 283.862
338 282.034
339 284.366
340 281.552
341 284.434
342 285.21
343 283.342
344 281.876
345 281.172
346 279.466
347 279.184
348 281.726
349 279.586
350 282.642
351 284.72
352 284.088
353 282.316
354 285.972
355 285.648
356 284.958
357 279.996
358 285.678
359 283.526
360 285.134
361 284.704
362 281.342
363 286.234
364 282.75
365 281.82
366 279.834
367 284.25
368 284.212
369 284.162
370 282.874
371 280.482
372 282.396
373 283.486
374 281.07
375 282.24
376 284.602
377 282.286
378 283.784
379 283.294
380 286.4
381 283.046
382 279.612
383 279.71
384 280.246
385 287.042
386 283.888
387 282.022
388 281.378
389 280.714
390 280.012
391 280.858
392 279.938
393 281.718
394 285.984
395 283.762
396 284.418
397 282.094
398 284.066
399 282.404
400 284.008
401 282.214
402 284.72
403 280.238
404 279.7
405 283.236
406 280.55
407 283.962
408 282.214
409 284.866
410 283.172
411 284.986
412 284.074
413 284.256
414 290.552
415 288.606
416 286.096
417 283.464
418 280.086
419 287.112
420 285.03
421 284.28
422 282.032
423 285.132
424 282.914
425 289.246
426 285.224
427 284.086
428 283.162
429 283.078
430 279.07
431 281.83
432 283.456
433 282.074
434 282.24
435 279.492
436 281.962
437 284.782
438 281.068
439 283.46
440 282.728
441 286.994
442 285.03
443 282.322
444 280.724
445 281.606
446 280.754
447 280.824
448 276.764
449 278.52
450 278.978
451 280.17
452 281.254
453 282.008
454 279.662
455 277.128
456 278.92
457 280.27
458 279.132
459 279.104
460 275.232
461 279.308
462 278.282
463 277.06
464 277.382
465 281.64
466 277.758
467 282.002
468 280.888
469 280.84
470 281.49
471 280.2
472 277.19
473 279.908
474 276.91
475 279.658
476 280.98
477 280.436
478 277.63
479 279.824
480 280.706
481 278.242
482 279.236
483 279.996
484 284.898
485 286.102
486 284.098
487 280.88
488 281.148
489 281.104
490 277.954
491 279.112
492 280.328
493 278.76
494 275.562
495 278.716
496 278.244
497 278.116
498 276.96
499 280.14
