0 985.692
1 949.556
2 902.39
3 862.232
4 835.418
5 811.5
6 795.272
7 775.494
8 756.484
9 739.452
10 729.522
11 716.906
12 700.922
13 683.85
14 659.698
15 639.138
16 623.458
17 614.85
18 602.372
19 593.09
20 582.116
21 568.134
22 557.95
23 554.28
24 546.382
25 538.602
26 534.628
27 530.238
28 526.828
29 524.176
30 520.248
31 515.294
32 510.594
33 506.256
34 499.302
35 491.976
36 490.774
37 490.798
38 484.326
39 483.06
40 476.328
41 474.418
42 467.258
43 461.168
44 455.69
45 450.538
46 444.326
47 439.426
48 433.744
49 430.39
50 424.874
51 420.472
52 417.106
53 407.402
54 404.194
55 394.348
56 391.26
57 390.792
58 390.64
59 389.676
60 391.232
61 388.36
62 386.424
63 389.464
64 390.924
65 388.786
66 390.402
67 389.828
68 394.188
69 390.748
70 388.486
71 383.196
72 381.84
73 379.042
74 373.948
75 374.574
76 370.7
77 369.076
78 366.966
79 365.272
80 362.204
81 364.016
82 362.02
83 360.09
84 357.446
85 359.128
86 354.922
87 351.634
88 351.712
89 350.616
90 354.324
91 353.212
92 353.248
93 357.12
94 357.328
95 355.91
96 354.792
97 351.066
98 341.604
99 347.038
100 349.462
101 345.664
102 340.74
103 342.034
104 339.604
105 339.47
106 343.198
107 343.31
108 345.56
109 338.234
110 338.456
111 340.504
112 339.65
113 339.792
114 337.532
115 339.432
116 335.884
117 337.73
118 337.934
119 340.02
120 341.22
121 342.944
122 340.584
123 335.638
124 336.4
125 335.182
126 333.21
127 331.522
128 333.276
129 338.74
130 342.594
131 341.25
132 336.964
133 334.74
134 335.034
135 335.746
136 331.014
137 330.706
138 328.336
139 326.574
140 329.496
141 329.454
142 328.582
143 326.75
144 328.46
145 325.332
146 323.438
147 326.06
148 326.382
149 323.762
150 324.724
151 323.792
152 326.07
153 324.668
154 319.328
155 318.836
156 313.348
157 311.278
158 313.346
159 316.76
160 316.74
161 317.052
162 317.448
163 315.06
164 316.324
165 318.858
166 317.076
167 315.318
168 314.674
169 312.562
170 315.114
171 320.808
172 312.552
173 313.448
174 313.662
175 311.31
176 313.186
177 315.142
178 314.112
179 315.558
180 312.382
181 314.856
182 312.204
183 312.024
184 311.744
185 311.176
186 314.664
187 312.866
188 311.362
189 311.08
190 311.938
191 311.328
192 309.938
193 310.08
194 311.536
195 313.618
196 314.348
197 313.252
198 316.808
199 317.696
200 316.432
201 309.922
202 307.824
203 309.326
204 311.002
205 308.016
206 305.448
207 308.396
208 308.642
209 310.808
210 313.926
211 320.4
212 310.182
213 309.856
214 310.466
215 309.688
216 308.74
217 310.632
218 317.238
219 309.736
220 310.774
221 312.884
222 311.034
223 307.414
224 305.716
225 311.44
226 314.576
227 303.558
228 304.918
229 301.03
230 302.08
231 294.318
232 295.858
233 298.228
234 300.188
235 299.15
236 302.504
237 300.918
238 300.356
239 300.662
240 300.946
241 297.182
242 296.466
243 296.402
244 297.046
245 296.418
246 296.884
247 297.964
248 292.288
249 292.032
250 297.656
251 298.706
252 299.286
253 297.55
254 296.346
255 292.698
256 295.824
257 296.26
258 297.326
259 294.454
260 294.022
261 291.65
262 294.556
263 298.85
264 294.746
265 299.116
266 303.05
267 298.872
268 304.434
269 296.408
270 297.664
271 298.904
272 296.746
273 295.886
274 290.954
275 292.644
276 291.856
277 291.988
278 297.748
279 293.466
280 292.012
281 291.988
282 298.868
283 299.664
284 297.668
285 295.04
286 293.978
287 293.73
288 298.632
289 297.496
290 299.484
291 299.114
292 296.09
293 296.03
294 295.926
295 295.6
296 292.04
297 290.368
298 295.726
299 293.35
300 294.822
301 294.318
302 295.47
303 293.61
304 290.286
305 290.542
306 290.98
307 291.358
308 292.976
309 291.872
310 298.99
311 297.164
312 296.668
313 294.716
314 293.194
315 290.024
316 294.498
317 293.484
318 290.612
319 293.672
320 294.208
321 300.654
322 295.424
323 293.994
324 294.052
325 292.448
326 292.07
327 291.282
328 293.904
329 295.578
330 292.95
331 295.034
332 292.1
333 295.008
334 296.482
335 293.718
336 292.162
337 291.32
338 289.706
339 290.374
340 292.998
341 289.402
342 295.002
343 297.1
344 295.138
345 292.542
346 295.604
347 296.608
348 296.186
349 290.556
350 297.356
351 294.944
352 296.408
353 297.396
354 293.516
355 298.766
356 293.96
357 291.476
358 289.98
359 296.282
360 296.594
361 296.628
362 292.426
363 293.482
364 294.704
365 291.926
366 293.818
367 297.428
368 293.912
369 296.874
370 295.41
371 299.088
372 295.896
373 292.07
374 291.05
375 292.314
376 302.924
377 300.61
378 297.11
379 295.122
380 292.62
381 290.616
382 292.82
383 291.332
384 292.338
385 297.36
386 295.598
387 298.828
388 295.078
389 299.23
390 295.106
391 296.108
392 295.456
393 297.912
394 293.632
395 292.318
396 296.594
397 292.402
398 296.872
399 293.394
400 298.802
401 295.342
402 297.474
403 296.976
404 295.054
405 307.182
406 303.308
407 302.746
408 298.844
409 292.846
410 301.074
411 297.624
412 295.316
413 294.876
414 296.332
415 294.69
416 300.026
417 296.344
418 295.846
419 294.6
420 294.454
421 289.67
422 292.48
423 294.646
424 292.338
425 293.78
426 290.154
427 292.688
428 296.208
429 292.826
430 294.68
431 293.792
432 299.834
433 296.828
434 294.12
435 292
436 293.722
437 292.138
438 292.018
439 286.002
440 289.15
441 289.43
442 293.262
443 293.874
444 294.728
445 292.168
446 288.596
447 291.67
448 294.254
449 292.36
450 288.144
451 293.176
452 292.488
453 290.484
454 290.78
455 295.416
456 290.986
457 295.036
458 294.704
459 295.386
460 294.75
461 289.396
462 294.064
463 291.45
464 293.554
465 299.26
466 296.826
467 292.198
468 294.02
469 293.464
470 291.892
471 293.894
472 294.808
473 300.116
474 303.798
475 302.548
476 296.434
477 295.068
478 291.34
479 291.768
480 293.096
481 293.726
482 289.308
483 292.032
484 292.154
485 293.454
486 291.162
487 294.05
488 301.428
489 299.972
490 295.138
491 297.016
492 291.93
493 291.932
494 298.454
495 299.038
496 294.478
497 290.586
498 289.882
499 289.672
