0 985.692
1 949.556
2 902.39
3 862.232
4 835.418
5 811.5
6 795.272
7 775.494
8 756.484
9 756.08
10 741.384
11 731.794
12 722.442
13 704.268
14 690.04
15 672.956
16 665.558
17 659.98
18 650.052
19 639.428
20 638.058
21 630.584
22 624.308
23 614.69
24 610.924
25 604.744
26 596.338
27 589.578
28 583.736
29 573.528
30 566.904
31 560.316
32 555.784
33 551.544
34 545.57
35 539.84
36 535.038
37 531.448
38 527.984
39 521.526
40 519.258
41 515.716
42 511.686
43 505.254
44 503.14
45 500.698
46 501.236
47 494.48
48 489.124
49 483.958
50 480.09
51 478.82
52 477.94
53 476.214
54 467.936
55 465.546
56 455.594
57 451.138
58 448.214
59 449.05
60 447.806
61 449.734
62 446.026
63 440.406
64 442.664
65 440.056
66 433.824
67 431.158
68 429.824
69 429.632
70 425.174
71 422.742
72 422.138
73 419.264
74 416.964
75 411.04
76 411.116
77 406.164
78 401.9
79 398.288
80 395.27
81 393.796
82 396.508
83 394.78
84 394.07
85 390.842
86 390.186
87 386.14
88 383.142
89 379.98
90 378.754
91 379.698
92 379.134
93 378.174
94 379.244
95 376.69
96 377.988
97 375.712
98 372.962
99 367.016
100 368.558
101 366.928
102 364.932
103 361.916
104 363.382
105 361.858
106 361.362
107 363.622
108 364.022
109 363.888
110 365.25
111 359.2
112 357.208
113 359.054
114 358.334
115 356.666
116 353.96
117 353.358
118 350.406
119 348.952
120 346.844
121 347.72
122 347.976
123 347.658
124 345.068
125 342.124
126 342.388
127 341.846
128 339.356
129 336.882
130 336.128
131 336.918
132 336.754
133 333.842
134 328.22
135 325.206
136 326.41
137 326.472
138 322.292
139 322.504
140 321.38
141 319.714
142 321.628
143 321.524
144 320.66
145 319.162
146 319.768
147 317.248
148 316.52
149 316.472
150 318.274
151 318.822
152 318.662
153 318.452
154 318.46
155 323.026
156 320.268
157 316.396
158 314.636
159 314.584
160 311.884
161 311.056
162 312.698
163 315.37
164 313.918
165 313.658
166 313.512
167 312.54
168 313.012
169 313.698
170 313.13
171 310.168
172 309.568
173 306.608
174 305.796
175 308.278
176 303.604
177 303.292
178 302.942
179 300.264
180 301.794
181 302.876
182 301.022
183 301.79
184 301.014
185 302.266
186 300.67
187 300.204
188 300.398
189 300.312
190 303.008
191 302.238
192 301.802
193 302.404
194 302.422
195 303.024
196 301.958
197 300.832
198 301.154
199 301.128
200 302.154
201 302.096
202 303.272
203 305.752
204 306.862
205 305.454
206 302.716
207 300.28
208 301.242
209 301.198
210 302.86
211 300.196
212 298.846
213 302.1
214 301.72
215 301.584
216 303.422
217 306.684
218 299.778
219 299.542
220 300.662
221 299.93
222 298.984
223 301.648
224 306.656
225 300.522
226 301.204
227 302.138
228 299.23
229 298.826
230 297.274
231 302.53
232 304.144
233 297.402
234 300.248
235 297.82
236 298.734
237 294.932
238 296.75
239 296.75
240 298.728
241 299.868
242 299.404
243 301.718
244 300.894
245 299.806
246 299.956
247 300.75
248 297.52
249 296.02
250 296.346
251 298.148
252 296.48
253 296.286
254 296.872
255 292.696
256 293.216
257 297.194
258 298.828
259 300.05
260 298.756
261 295.892
262 293.416
263 296.098
264 296.162
265 297.18
266 294.032
267 294.25
268 291.894
269 291.864
270 294.508
271 298.308
272 295.128
273 298.048
274 300.558
275 297.83
276 301.074
277 297.596
278 298.38
279 299.198
280 297.048
281 296.248
282 291.628
283 293.024
284 292.464
285 292.922
286 296.394
287 292.72
288 290.722
289 291.274
290 296.218
291 296.352
292 294.116
293 292.248
294 293.112
295 292.118
296 295.718
297 294.694
298 297.27
299 295.92
300 294.704
301 295.196
302 293.724
303 293.42
304 290.844
305 290.328
306 293.766
307 292.844
308 292.126
309 292.044
310 293.344
311 290.772
312 288.968
313 288.192
314 288.762
315 289.132
316 290.806
317 289.61
318 295.61
319 292.294
320 292.228
321 289.98
322 289.81
323 288.07
324 289.878
325 290.178
326 287.832
327 289.95
328 292.118
329 296.364
330 290.522
331 290.144
332 289.804
333 288.764
334 289.342
335 287.846
336 290.096
337 291.546
338 289.664
339 291.602
340 289.786
341 292.824
342 293.872
343 291.612
344 290.188
345 289.308
346 286.95
347 287.07
348 289.51
349 287.32
350 290.212
351 292.042
352 291.062
353 289.988
354 293.034
355 293.826
356 293.016
357 288.09
358 293.792
359 293.81
360 295.412
361 294.29
362 289.576
363 294.196
364 289.754
365 288.412
366 287.228
367 292.272
368 292.104
369 292.032
370 290.384
371 288.674
372 290.384
373 291.186
374 288.876
375 291.972
376 294.186
377 291.374
378 292.656
379 291.212
380 293.928
381 291.32
382 288.386
383 288.012
384 288.698
385 297.432
386 293.342
387 291.902
388 290.492
389 289.432
390 289.254
391 289.82
392 289.18
393 290.428
394 294.154
395 291.962
396 292.28
397 290.626
398 293.528
399 291.58
400 292.242
401 291.264
402 291.932
403 289.128
404 288.86
405 291.442
406 288.996
407 292.344
408 290.44
409 295.602
410 292.292
411 293.772
412 293.602
413 291.852
414 298.83
415 297.542
416 296.22
417 292.976
418 288.656
419 295.616
420 293.882
421 292.6
422 289.72
423 293.43
424 291.888
425 296.17
426 294.088
427 293.13
428 291.274
429 291.04
430 287.544
431 290.404
432 291.28
433 290.934
434 291.4
435 288.128
436 291.036
437 292.486
438 288.236
439 290.154
440 288.93
441 291.602
442 290.45
443 288.278
444 286.642
445 287.388
446 286.806
447 286.878
448 283.268
449 284.672
450 285.92
451 287.78
452 288.568
453 289.876
454 288.226
455 286.14
456 287.77
457 288.726
458 287.348
459 287.318
460 283.452
461 287.328
462 287.034
463 285.196
464 285.812
465 289.048
466 285.35
467 289.65
468 288.366
469 288.302
470 289.494
471 287.918
472 284.284
473 287.2
474 284.384
475 286.706
476 288.792
477 286.958
478 284.932
479 286.936
480 287.914
481 285.852
482 287.366
483 288.156
484 292.612
485 294.46
486 292.854
487 288.22
488 288.514
489 288.46
490 285.45
491 285.984
492 287.008
493 285.782
494 283.018
495 285.738
496 285.07
497 285.31
498 284.164
499 287.5
